#1:r 2:H 3:Rho0 4:RhoMean 5:S 6:Tc 7:Te 8:Vr 9:Vphi 10:tauR 11:x 12:s_e 13:B_r 14:B_phi 15:B_z
0.052 0.0018 1.82e-06 1.55e-06 83179.49 5623.52 783.41 -1.6 13076793 0.00e+00 5.62e-05 3.34e+11 1.12e+04 -5.44e+03 1.54e+02
0.053 0.0018 1.69e-06 1.45e-06 80359.22 5623.52 770.01 -1.6 12927297 0.00e+00 5.80e-05 3.45e+11 1.11e+04 -5.31e+03 1.49e+02
0.054 0.0019 1.58e-06 1.35e-06 77634.57 5623.52 756.85 -1.6 12779510 0.00e+00 6.00e-05 3.56e+11 1.10e+04 -5.17e+03 1.44e+02
0.055 0.0020 1.48e-06 1.26e-06 75002.30 5623.52 743.91 -1.6 12633413 0.00e+00 6.20e-05 3.68e+11 1.08e+04 -5.04e+03 1.39e+02
0.057 0.0020 1.38e-06 1.18e-06 72459.29 5623.52 731.19 -1.6 12488986 0.00e+00 6.41e-05 3.81e+11 1.06e+04 -4.91e+03 1.34e+02
0.058 0.0021 1.29e-06 1.10e-06 70002.50 5623.52 718.69 -1.6 12346210 0.00e+00 6.62e-05 3.93e+11 1.04e+04 -4.77e+03 1.30e+02
0.059 0.0022 1.20e-06 1.03e-06 67629.00 5623.52 706.40 -1.7 12205067 0.00e+00 6.84e-05 4.07e+11 1.02e+04 -4.64e+03 1.25e+02
0.061 0.0023 1.12e-06 9.58e-07 65335.98 5623.52 694.32 -1.7 12065537 0.00e+00 7.07e-05 4.20e+11 1.00e+04 -4.51e+03 1.21e+02
0.062 0.0024 1.05e-06 8.94e-07 63120.71 5623.52 682.45 -1.7 11927602 0.00e+00 7.31e-05 4.35e+11 9.84e+03 -4.39e+03 1.17e+02
0.064 0.0024 9.76e-07 8.35e-07 60980.55 5623.52 670.78 -1.7 11791244 0.00e+00 7.56e-05 4.49e+11 9.63e+03 -4.26e+03 1.13e+02
0.065 0.0025 9.11e-07 7.79e-07 58912.95 5623.52 659.32 -1.7 11656444 0.00e+00 7.81e-05 4.64e+11 9.42e+03 -4.14e+03 1.09e+02
0.067 0.0026 8.50e-07 7.27e-07 56915.46 5623.52 648.05 -1.8 11523186 0.00e+00 8.08e-05 4.80e+11 9.21e+03 -4.02e+03 1.06e+02
0.068 0.0027 7.93e-07 6.79e-07 54985.69 5623.52 636.97 -1.8 11391452 0.00e+00 8.35e-05 4.96e+11 9.00e+03 -3.90e+03 1.02e+02
0.070 0.0028 7.40e-07 6.33e-07 53121.36 5623.52 626.08 -1.8 11261223 0.00e+00 8.64e-05 5.13e+11 8.79e+03 -3.79e+03 9.85e+01
0.071 0.0029 7.02e-07 6.01e-07 51869.12 5564.02 615.37 -1.8 11132483 0.00e+00 7.61e-05 4.55e+11 8.09e+03 -3.59e+03 9.62e+01
0.073 0.0029 6.88e-07 5.89e-07 51764.27 5386.25 604.86 -1.8 11005215 0.00e+00 4.81e-05 2.94e+11 6.57e+03 -3.24e+03 9.60e+01
0.075 0.0030 6.68e-07 5.71e-07 51336.22 5247.01 594.52 -1.7 10879402 0.00e+00 3.34e-05 2.08e+11 5.48e+03 -2.95e+03 9.52e+01
0.077 0.0031 6.48e-07 5.54e-07 50890.57 5113.50 584.35 -1.7 10755027 0.00e+00 2.34e-05 1.49e+11 4.55e+03 -2.68e+03 9.44e+01
0.078 0.0031 6.32e-07 5.41e-07 50642.25 4964.35 574.37 -1.7 10632074 0.00e+00 1.58e-05 1.02e+11 3.65e+03 -2.40e+03 9.39e+01
0.080 0.0032 6.29e-07 5.38e-07 51047.29 4757.97 564.55 -1.6 10510526 0.00e+00 9.51e-06 6.33e+10 2.68e+03 -2.08e+03 9.47e+01
0.082 0.0029 8.44e-07 7.22e-07 62840.28 3734.01 554.92 -1.3 10390369 0.00e+00 5.40e-06 4.24e+10 1.86e+03 -1.80e+03 1.17e+02
0.084 0.0030 8.17e-07 6.99e-07 62212.75 3643.80 545.44 -1.3 10271584 0.00e+00 5.40e-06 4.31e+10 1.86e+03 -1.77e+03 1.15e+02
0.086 0.0030 7.92e-07 6.78e-07 61622.64 3553.96 536.12 -1.3 10154158 0.00e+00 5.40e-06 4.38e+10 8.34e+02 -1.25e+03 1.14e+02
0.088 0.0031 7.55e-07 6.46e-07 60375.74 3504.37 526.96 -1.3 10038074 0.00e+00 5.40e-06 4.42e+10 2.78e+02 -7.74e+02 1.12e+02
0.090 0.0032 7.19e-07 6.15e-07 59116.96 3457.64 517.95 -1.3 9923318 0.00e+00 5.40e-06 4.46e+10 1.52e+02 -5.93e+02 1.10e+02
0.092 0.0033 6.85e-07 5.86e-07 57895.00 3410.91 509.10 -1.3 9809873 0.00e+00 5.40e-06 4.51e+10 9.52e+01 -4.85e+02 1.07e+02
0.094 0.0034 6.53e-07 5.58e-07 56708.95 3364.18 500.40 -1.3 9697725 0.00e+00 5.40e-06 4.55e+10 5.63e+01 -3.94e+02 1.05e+02
0.096 0.0035 6.22e-07 5.32e-07 55557.91 3317.45 491.85 -1.3 9586859 0.00e+00 5.40e-06 4.59e+10 3.22e+01 -3.18e+02 1.03e+02
0.099 0.0036 5.98e-07 5.12e-07 54776.43 3250.69 483.45 -1.2 9477261 0.00e+00 5.40e-06 4.66e+10 2.19e+01 -2.80e+02 1.02e+02
0.101 0.0037 5.76e-07 4.93e-07 54031.98 3183.74 475.19 -1.2 9368916 0.00e+00 5.40e-06 4.72e+10 1.04e+01 -2.27e+02 1.00e+02
0.103 0.0037 5.54e-07 4.74e-07 53265.80 3120.04 467.07 -1.2 9261809 0.00e+00 5.40e-06 4.79e+10 1.03e+01 -2.27e+02 9.88e+01
0.106 0.0038 5.52e-07 4.73e-07 53739.73 2987.67 459.09 -1.2 9155926 0.00e+00 5.40e-06 4.93e+10 9.03e+00 -2.21e+02 9.97e+01
0.108 0.0035 7.42e-07 6.35e-07 66208.38 2342.80 451.29 -0.9 9051255 0.00e+00 5.40e-06 5.82e+10 6.49e+00 -2.09e+02 1.23e+02
0.111 0.0034 7.86e-07 6.73e-07 69583.20 2153.59 443.60 -0.9 8947779 0.00e+00 5.40e-06 6.16e+10 5.06e+00 -2.02e+02 1.29e+02
0.113 0.0034 8.49e-07 7.26e-07 74080.14 1954.27 436.04 -0.8 8845487 0.00e+00 6.78e-09 8.26e+07 5.02e+00 -2.02e+02 1.37e+02
0.116 0.0031 1.12e-06 9.61e-07 90314.90 1548.63 428.65 -0.6 8744364 0.00e+00 6.55e-11 9.35e+05 5.12e-02 -1.66e+02 1.68e+02
0.118 0.0032 1.05e-06 8.98e-07 87349.52 1546.91 421.34 -0.6 8644397 0.00e+00 6.61e-11 9.45e+05 5.23e-02 -1.62e+02 1.62e+02
0.121 0.0034 9.81e-07 8.40e-07 84476.40 1545.29 414.14 -0.7 8545573 0.00e+00 6.69e-11 9.56e+05 5.35e-02 -1.59e+02 1.57e+02
0.124 0.0035 9.18e-07 7.85e-07 81702.92 1543.57 407.07 -0.7 8447879 0.00e+00 6.75e-11 9.66e+05 5.47e-02 -1.55e+02 1.52e+02
0.127 0.0036 8.58e-07 7.34e-07 79020.59 1541.85 400.12 -0.7 8351302 0.00e+00 6.82e-11 9.76e+05 5.58e-02 -1.51e+02 1.47e+02
0.130 0.0037 8.02e-07 6.86e-07 76426.42 1540.14 393.29 -0.7 8255829 0.00e+00 6.88e-11 9.87e+05 5.70e-02 -1.47e+02 1.42e+02
0.133 0.0038 7.50e-07 6.41e-07 73917.50 1538.42 386.58 -0.7 8161447 0.00e+00 6.95e-11 9.97e+05 5.82e-02 -1.44e+02 1.37e+02
0.136 0.0040 7.01e-07 6.00e-07 71491.04 1536.70 379.98 -0.7 8068144 0.00e+00 7.01e-11 1.01e+06 5.94e-02 -1.40e+02 1.33e+02
0.139 0.0041 6.55e-07 5.61e-07 69144.32 1534.99 373.50 -0.7 7975908 0.00e+00 7.08e-11 1.02e+06 6.07e-02 -1.36e+02 1.28e+02
0.142 0.0043 6.13e-07 5.24e-07 66878.87 1533.18 367.12 -0.7 7884726 0.00e+00 7.13e-11 1.03e+06 6.18e-02 -1.33e+02 1.24e+02
0.146 0.0044 5.73e-07 4.90e-07 64687.73 1531.36 360.86 -0.7 7794587 0.00e+00 7.19e-11 1.03e+06 6.30e-02 -1.30e+02 1.20e+02
0.149 0.0046 5.36e-07 4.58e-07 62568.48 1529.55 354.70 -0.7 7705478 0.00e+00 7.25e-11 1.04e+06 6.43e-02 -1.26e+02 1.16e+02
0.153 0.0047 5.01e-07 4.29e-07 60518.73 1527.74 348.65 -0.7 7617388 0.00e+00 7.30e-11 1.05e+06 6.55e-02 -1.23e+02 1.12e+02
0.156 0.0049 4.68e-07 4.01e-07 58536.22 1525.93 342.70 -0.7 7530305 0.00e+00 7.36e-11 1.06e+06 6.67e-02 -1.20e+02 1.09e+02
0.160 0.0050 4.38e-07 3.75e-07 56622.28 1524.02 336.85 -0.7 7444217 0.00e+00 7.40e-11 1.07e+06 6.79e-02 -1.17e+02 1.05e+02
0.163 0.0052 4.09e-07 3.50e-07 54767.57 1522.21 331.11 -0.7 7359114 0.00e+00 7.46e-11 1.08e+06 6.92e-02 -1.14e+02 1.02e+02
0.167 0.0054 3.83e-07 3.28e-07 52977.01 1520.30 325.46 -0.8 7274983 0.00e+00 7.50e-11 1.09e+06 7.04e-02 -1.11e+02 9.83e+01
0.171 0.0056 3.58e-07 3.06e-07 51245.07 1518.39 319.91 -0.8 7191815 0.00e+00 7.55e-11 1.09e+06 7.16e-02 -1.08e+02 9.51e+01
0.175 0.0058 3.35e-07 2.86e-07 49569.83 1516.49 314.45 -0.8 7109597 0.00e+00 7.59e-11 1.10e+06 7.28e-02 -1.05e+02 9.19e+01
0.179 0.0060 3.13e-07 2.68e-07 47952.45 1514.48 309.09 -0.8 7028319 0.00e+00 7.63e-11 1.11e+06 7.39e-02 -1.02e+02 8.89e+01
0.183 0.0062 2.93e-07 2.51e-07 46387.92 1512.48 303.82 -0.8 6947970 0.00e+00 7.66e-11 1.11e+06 7.51e-02 -9.93e+01 8.60e+01
0.188 0.0064 2.74e-07 2.34e-07 44871.69 1510.57 298.64 -0.8 6868540 0.00e+00 7.70e-11 1.12e+06 7.63e-02 -9.66e+01 8.32e+01
0.192 0.0066 2.56e-07 2.19e-07 43407.83 1508.57 293.55 -0.8 6790018 0.00e+00 7.74e-11 1.12e+06 7.75e-02 -9.40e+01 8.05e+01
0.197 0.0068 2.39e-07 2.05e-07 41994.45 1506.47 288.55 -0.8 6712393 0.00e+00 7.76e-11 1.13e+06 7.85e-02 -9.15e+01 7.79e+01
0.201 0.0071 2.24e-07 1.92e-07 40624.60 1504.47 283.63 -0.8 6635656 0.00e+00 7.79e-11 1.13e+06 7.97e-02 -8.90e+01 7.54e+01
0.206 0.0073 2.09e-07 1.79e-07 39302.00 1502.37 278.80 -0.8 6559797 0.00e+00 7.81e-11 1.14e+06 8.07e-02 -8.66e+01 7.29e+01
0.211 0.0076 1.96e-07 1.68e-07 38022.53 1500.27 274.05 -0.8 6484804 0.00e+00 7.82e-11 1.14e+06 8.18e-02 -8.42e+01 7.05e+01
0.215 0.0078 1.83e-07 1.57e-07 36784.79 1498.18 269.38 -0.8 6410669 0.00e+00 7.84e-11 1.15e+06 8.28e-02 -8.19e+01 6.82e+01
0.220 0.0081 1.71e-07 1.47e-07 35587.41 1496.08 264.79 -0.9 6337381 0.00e+00 7.86e-11 1.15e+06 8.39e-02 -7.97e+01 6.60e+01
0.226 0.0084 1.60e-07 1.37e-07 34431.27 1493.88 260.28 -0.9 6264931 0.00e+00 7.86e-11 1.15e+06 8.48e-02 -7.75e+01 6.39e+01
0.231 0.0087 1.50e-07 1.28e-07 33312.76 1491.69 255.85 -0.9 6193310 0.00e+00 7.87e-11 1.15e+06 8.57e-02 -7.54e+01 6.18e+01
0.236 0.0090 1.40e-07 1.20e-07 32230.65 1489.50 251.49 -0.9 6122507 0.00e+00 7.87e-11 1.15e+06 8.66e-02 -7.33e+01 5.98e+01
0.242 0.0093 1.31e-07 1.12e-07 31183.77 1487.30 247.21 -0.9 6052514 0.00e+00 7.87e-11 1.16e+06 8.75e-02 -7.13e+01 5.78e+01
0.247 0.0096 1.23e-07 1.05e-07 30170.95 1485.11 243.00 -0.9 5983320 0.00e+00 7.88e-11 1.16e+06 8.84e-02 -6.93e+01 5.60e+01
0.253 0.0099 1.15e-07 9.82e-08 29192.97 1482.82 238.87 -0.9 5914918 0.00e+00 7.86e-11 1.16e+06 8.91e-02 -6.74e+01 5.42e+01
0.259 0.0102 1.07e-07 9.19e-08 28246.76 1480.53 234.81 -0.9 5847298 0.00e+00 7.85e-11 1.16e+06 8.98e-02 -6.55e+01 5.24e+01
0.265 0.0106 1.00e-07 8.60e-08 27331.28 1478.24 230.81 -0.9 5780451 0.00e+00 7.84e-11 1.16e+06 9.05e-02 -6.37e+01 5.07e+01
0.271 0.0110 9.40e-08 8.04e-08 26447.25 1475.86 226.89 -0.9 5714368 0.00e+00 7.82e-11 1.15e+06 9.10e-02 -6.20e+01 4.91e+01
0.277 0.0113 8.80e-08 7.53e-08 25591.87 1473.48 223.03 -0.9 5649041 0.00e+00 7.79e-11 1.15e+06 9.15e-02 -6.02e+01 4.75e+01
0.284 0.0117 8.23e-08 7.04e-08 24762.62 1471.19 219.24 -1.0 5584460 0.00e+00 7.78e-11 1.15e+06 9.22e-02 -5.86e+01 4.59e+01
0.291 0.0121 7.70e-08 6.59e-08 23960.30 1468.90 215.51 -1.0 5520618 0.00e+00 7.76e-11 1.15e+06 9.27e-02 -5.69e+01 4.44e+01
0.297 0.0125 7.20e-08 6.16e-08 23185.54 1466.51 211.85 -1.0 5457505 0.00e+00 7.73e-11 1.15e+06 9.32e-02 -5.54e+01 4.30e+01
0.304 0.0130 6.74e-08 5.76e-08 22434.43 1464.23 208.25 -1.0 5395114 0.00e+00 7.71e-11 1.14e+06 9.37e-02 -5.38e+01 4.16e+01
0.311 0.0134 6.30e-08 5.39e-08 21707.70 1461.94 204.71 -1.0 5333436 0.00e+00 7.70e-11 1.14e+06 9.42e-02 -5.23e+01 4.03e+01
0.319 0.0139 5.90e-08 5.05e-08 21005.94 1459.55 201.23 -1.0 5272464 0.00e+00 7.66e-11 1.14e+06 9.45e-02 -5.09e+01 3.90e+01
0.326 0.0144 5.52e-08 4.72e-08 20325.59 1457.26 197.82 -1.0 5212188 0.00e+00 7.64e-11 1.14e+06 9.49e-02 -4.94e+01 3.77e+01
0.333 0.0148 5.16e-08 4.42e-08 19668.62 1454.88 194.46 -1.0 5152602 0.00e+00 7.61e-11 1.13e+06 9.52e-02 -4.81e+01 3.65e+01
0.341 0.0154 4.83e-08 4.13e-08 19030.43 1452.69 191.16 -1.0 5093696 0.00e+00 7.60e-11 1.13e+06 9.57e-02 -4.67e+01 3.53e+01
0.349 0.0159 4.52e-08 3.87e-08 18414.20 1450.40 187.92 -1.0 5035465 0.00e+00 7.58e-11 1.13e+06 9.59e-02 -4.54e+01 3.42e+01
0.357 0.0164 4.23e-08 3.62e-08 17817.97 1448.11 184.73 -1.1 4977898 0.00e+00 7.56e-11 1.13e+06 9.62e-02 -4.42e+01 3.31e+01
0.366 0.0170 3.95e-08 3.38e-08 17242.22 1445.72 181.60 -1.1 4920990 0.00e+00 7.52e-11 1.13e+06 9.62e-02 -4.29e+01 3.20e+01
0.374 0.0175 3.71e-08 3.18e-08 16719.37 1440.38 178.52 -1.1 4864733 0.00e+00 7.13e-11 1.07e+06 9.17e-02 -4.17e+01 3.10e+01
0.383 0.0181 3.49e-08 2.98e-08 16219.07 1434.47 175.50 -1.1 4809119 0.00e+00 6.69e-11 1.01e+06 8.64e-02 -4.05e+01 3.01e+01
0.392 0.0187 3.27e-08 2.80e-08 15732.95 1428.65 172.53 -1.1 4754140 0.00e+00 6.28e-11 9.47e+05 8.15e-02 -3.94e+01 2.92e+01
0.401 0.0193 3.07e-08 2.63e-08 15260.63 1422.93 169.61 -1.1 4699790 0.00e+00 5.90e-11 8.92e+05 7.69e-02 -3.82e+01 2.83e+01
0.410 0.0200 2.89e-08 2.47e-08 14800.74 1417.40 166.74 -1.1 4646061 0.00e+00 5.55e-11 8.42e+05 7.27e-02 -3.72e+01 2.75e+01
0.420 0.0206 2.71e-08 2.32e-08 14353.96 1411.96 163.92 -1.1 4592947 0.00e+00 5.24e-11 7.96e+05 6.87e-02 -3.61e+01 2.66e+01
0.429 0.0213 2.54e-08 2.18e-08 13920.87 1406.53 161.15 -1.1 4540440 0.00e+00 4.93e-11 7.52e+05 6.49e-02 -3.51e+01 2.58e+01
0.439 0.0220 2.39e-08 2.04e-08 13499.21 1401.28 158.43 -1.1 4488533 0.00e+00 4.66e-11 7.12e+05 6.14e-02 -3.41e+01 2.50e+01
0.450 0.0228 2.24e-08 1.92e-08 13090.51 1396.04 155.76 -1.1 4437219 0.00e+00 4.40e-11 6.74e+05 5.81e-02 -3.31e+01 2.43e+01
0.460 0.0235 2.10e-08 1.80e-08 12693.49 1390.89 153.13 -1.1 4386492 0.00e+00 4.16e-11 6.39e+05 5.49e-02 -3.22e+01 2.35e+01
0.471 0.0243 1.97e-08 1.69e-08 12307.83 1385.83 150.54 -1.2 4336345 0.00e+00 3.93e-11 6.06e+05 5.19e-02 -3.12e+01 2.28e+01
0.482 0.0251 1.85e-08 1.58e-08 11933.23 1380.87 148.01 -1.2 4286772 0.00e+00 3.72e-11 5.75e+05 4.91e-02 -3.03e+01 2.21e+01
0.493 0.0259 1.74e-08 1.49e-08 11570.17 1375.92 145.51 -1.2 4237765 0.00e+00 3.52e-11 5.45e+05 4.64e-02 -2.95e+01 2.15e+01
0.505 0.0268 1.63e-08 1.39e-08 11217.53 1371.05 143.06 -1.2 4189318 0.00e+00 3.34e-11 5.18e+05 4.38e-02 -2.86e+01 2.08e+01
0.516 0.0277 1.53e-08 1.31e-08 10875.01 1366.28 140.65 -1.2 4141425 0.00e+00 3.17e-11 4.92e+05 4.14e-02 -2.78e+01 2.02e+01
0.528 0.0286 1.43e-08 1.23e-08 10543.08 1361.52 138.29 -1.2 4094080 0.00e+00 3.00e-11 4.68e+05 3.84e-02 -2.67e+01 1.91e+01
0.541 0.0296 1.35e-08 1.15e-08 10221.41 1356.75 135.96 -1.2 4047276 0.00e+00 2.84e-11 4.44e+05 3.51e-02 -2.55e+01 1.77e+01
0.553 0.0306 1.26e-08 1.08e-08 9913.87 1351.41 133.68 -1.2 4001007 0.00e+00 2.66e-11 4.17e+05 3.16e-02 -2.42e+01 1.63e+01
0.566 0.0314 1.20e-08 1.03e-08 9707.89 1333.29 131.45 -1.2 3955266 0.00e+00 1.95e-11 3.09e+05 2.05e-02 -2.17e+01 1.34e+01
0.579 0.0323 1.15e-08 9.85e-09 9530.07 1312.11 129.26 -1.2 3910049 0.00e+00 1.34e-11 2.13e+05 1.20e-02 -1.91e+01 1.07e+01
0.593 0.0332 1.10e-08 9.38e-09 9335.87 1294.00 127.10 -1.2 3865349 0.00e+00 9.59e-12 1.55e+05 7.52e-03 -1.68e+01 8.75e+00
0.606 0.0341 1.04e-08 8.92e-09 9127.63 1278.64 124.98 -1.2 3821160 0.00e+00 7.23e-12 1.18e+05 5.01e-03 -1.49e+01 7.30e+00
0.621 0.0351 9.88e-09 8.45e-09 8909.86 1265.48 122.90 -1.2 3777476 0.00e+00 5.67e-12 9.28e+04 3.52e-03 -1.33e+01 6.20e+00
0.635 0.0360 9.47e-09 8.10e-09 8761.61 1243.26 120.87 -1.2 3734291 0.00e+00 3.62e-12 6.00e+04 1.86e-03 -1.08e+01 4.79e+00
0.650 0.0368 9.20e-09 7.87e-09 8691.89 1210.74 118.88 -1.2 3691600 0.00e+00 1.79e-12 3.03e+04 6.80e-04 -6.87e+00 3.29e+00
0.665 0.0376 8.91e-09 7.63e-09 8611.53 1180.60 116.93 -1.2 3649397 0.00e+00 9.05e-13 1.56e+04 2.51e-04 -3.41e+00 2.27e+00
0.680 0.0385 8.65e-09 7.40e-09 8536.77 1150.56 115.02 -1.2 3607677 0.00e+00 4.42e-13 7.72e+03 8.62e-05 -1.27e+00 1.55e+00
0.696 0.0393 8.39e-09 7.18e-09 8465.55 1120.90 113.14 -1.1 3566433 0.00e+00 2.09e-13 3.72e+03 2.82e-05 -4.22e-01 1.04e+00
0.712 0.0401 8.15e-09 6.97e-09 8394.20 1092.10 111.30 -1.1 3525661 0.00e+00 9.75e-14 1.77e+03 8.96e-06 -1.34e-01 6.91e-01
0.729 0.0410 7.90e-09 6.76e-09 8322.53 1064.16 109.50 -1.1 3485356 0.00e+00 4.47e-14 8.25e+02 2.78e-06 -4.17e-02 4.56e-01
0.746 0.0419 7.67e-09 6.56e-09 8250.33 1037.08 107.72 -1.1 3445510 0.00e+00 2.02e-14 3.79e+02 8.44e-07 -1.27e-02 2.99e-01
0.763 0.0428 7.44e-09 6.36e-09 8177.39 1010.85 105.99 -1.1 3406121 0.00e+00 9.02e-15 1.72e+02 2.52e-07 -3.77e-03 1.94e-01
0.781 0.0438 7.21e-09 6.17e-09 8104.27 985.39 104.28 -1.1 3367182 0.00e+00 3.98e-15 7.72e+01 7.38e-08 -1.11e-03 1.26e-01
0.799 0.0447 6.99e-09 5.98e-09 8030.79 960.69 102.62 -1.0 3328688 0.00e+00 1.75e-15 3.45e+01 2.16e-08 -3.25e-04 8.12e-02
0.818 0.0457 6.78e-09 5.80e-09 7956.56 936.77 100.98 -1.0 3290634 0.00e+00 7.84e-16 1.58e+01 6.60e-09 -9.90e-05 5.30e-02
0.837 0.0467 6.57e-09 5.62e-09 7881.77 913.60 99.37 -1.0 3253015 0.00e+00 3.78e-16 7.72e+00 2.29e-09 -3.44e-05 3.58e-02
0.856 0.0478 6.37e-09 5.45e-09 7807.27 891.04 97.80 -1.0 3215826 0.00e+00 2.18e-16 4.54e+00 1.09e-09 -1.63e-05 2.65e-02
0.876 0.0489 6.16e-09 5.27e-09 7730.79 869.35 96.26 -1.0 3179062 0.00e+00 1.71e-16 3.61e+00 8.09e-10 -1.21e-05 2.28e-02
0.896 0.0500 5.97e-09 5.11e-09 7654.24 848.27 94.75 -1.0 3142718 0.00e+00 1.64e-16 3.53e+00 7.82e-10 -1.17e-05 2.18e-02
0.917 0.0511 5.78e-09 4.95e-09 7577.45 827.82 93.27 -1.0 3106790 0.00e+00 1.68e-16 3.67e+00 8.09e-10 -1.21e-05 2.14e-02
0.939 0.0522 5.59e-09 4.79e-09 7498.93 808.12 91.82 -1.0 3071273 0.00e+00 1.73e-16 3.84e+00 8.47e-10 -1.27e-05 2.11e-02
0.961 0.0534 5.41e-09 4.63e-09 7420.69 788.95 90.40 -0.9 3036162 0.00e+00 1.79e-16 4.04e+00 8.89e-10 -1.33e-05 2.09e-02
0.983 0.0546 5.23e-09 4.48e-09 7341.69 770.41 89.01 -0.9 3001452 0.00e+00 1.85e-16 4.24e+00 9.33e-10 -1.40e-05 2.07e-02
1.006 0.0559 5.06e-09 4.33e-09 7261.30 752.52 87.65 -0.9 2967139 0.00e+00 1.91e-16 4.46e+00 9.80e-10 -1.47e-05 2.04e-02
1.029 0.0572 4.89e-09 4.19e-09 7181.19 735.12 86.32 -0.9 2933218 0.00e+00 1.98e-16 4.69e+00 1.03e-09 -1.54e-05 2.02e-02
1.053 0.0587 4.69e-09 4.01e-09 7063.24 722.05 84.99 -0.9 2899685 0.00e+00 2.06e-16 4.95e+00 1.09e-09 -1.64e-05 1.99e-02
1.078 0.0605 4.44e-09 3.79e-09 6883.76 715.76 83.67 -0.9 2866536 0.00e+00 2.18e-16 5.26e+00 1.18e-09 -1.78e-05 1.96e-02
1.103 0.0623 4.19e-09 3.59e-09 6708.91 709.51 82.37 -0.9 2833765 0.00e+00 2.31e-16 5.60e+00 1.28e-09 -1.92e-05 1.94e-02
1.128 0.0642 3.97e-09 3.39e-09 6538.13 703.36 81.10 -0.9 2801369 0.00e+00 2.44e-16 5.95e+00 1.39e-09 -2.08e-05 1.91e-02
1.155 0.0662 3.75e-09 3.21e-09 6371.74 697.26 79.86 -0.9 2769343 0.00e+00 2.58e-16 6.33e+00 1.50e-09 -2.26e-05 1.88e-02
1.181 0.0682 3.55e-09 3.03e-09 6209.20 691.25 78.63 -0.9 2737684 0.00e+00 2.73e-16 6.74e+00 1.63e-09 -2.45e-05 1.85e-02
1.209 0.0703 3.35e-09 2.87e-09 6050.85 685.29 77.43 -0.9 2706386 0.00e+00 2.89e-16 7.17e+00 1.77e-09 -2.65e-05 1.82e-02
1.237 0.0725 3.17e-09 2.71e-09 5896.15 679.42 76.26 -0.9 2675446 0.00e+00 3.05e-16 7.63e+00 1.91e-09 -2.87e-05 1.79e-02
1.266 0.0745 3.02e-09 2.58e-09 5775.27 670.13 75.12 -0.9 2644860 0.00e+00 3.20e-16 8.08e+00 2.05e-09 -3.08e-05 1.77e-02
1.295 0.0763 2.91e-09 2.49e-09 5696.60 656.35 74.04 -0.9 2614624 0.00e+00 3.33e-16 8.51e+00 2.17e-09 -3.25e-05 1.75e-02
1.325 0.0782 2.80e-09 2.40e-09 5618.57 642.90 72.97 -0.9 2584733 0.00e+00 3.46e-16 8.96e+00 2.29e-09 -3.44e-05 1.73e-02
1.356 0.0801 2.70e-09 2.31e-09 5541.50 629.74 71.94 -0.9 2555184 0.00e+00 3.59e-16 9.44e+00 2.42e-09 -3.63e-05 1.71e-02
1.388 0.0820 2.60e-09 2.22e-09 5466.62 616.72 70.93 -0.9 2525973 0.00e+00 3.73e-16 9.94e+00 2.56e-09 -3.84e-05 1.69e-02
1.420 0.0840 2.50e-09 2.14e-09 5392.59 603.99 69.94 -0.9 2497096 0.00e+00 3.87e-16 1.05e+01 2.70e-09 -4.06e-05 1.67e-02
1.453 0.0861 2.41e-09 2.06e-09 5318.93 591.59 68.97 -0.9 2468548 0.00e+00 4.02e-16 1.10e+01 2.86e-09 -4.29e-05 1.65e-02
1.487 0.0882 2.32e-09 1.98e-09 5244.26 579.67 68.03 -0.9 2440328 0.00e+00 4.18e-16 1.16e+01 3.02e-09 -4.53e-05 1.63e-02
1.521 0.0904 2.23e-09 1.91e-09 5169.79 568.08 67.10 -0.9 2412429 0.00e+00 4.34e-16 1.22e+01 3.20e-09 -4.80e-05 1.61e-02
1.557 0.0926 2.14e-09 1.83e-09 5095.88 556.78 66.20 -0.8 2384850 0.00e+00 4.51e-16 1.29e+01 3.39e-09 -5.08e-05 1.59e-02
1.593 0.0949 2.06e-09 1.76e-09 5022.02 545.82 65.32 -0.8 2357586 0.00e+00 4.69e-16 1.36e+01 3.59e-09 -5.38e-05 1.57e-02
1.630 0.0973 1.98e-09 1.70e-09 4947.70 535.23 64.46 -0.8 2330634 0.00e+00 4.88e-16 1.43e+01 3.80e-09 -5.70e-05 1.55e-02
1.668 0.0997 1.90e-09 1.63e-09 4873.73 524.93 63.62 -0.8 2303990 0.00e+00 5.08e-16 1.51e+01 4.03e-09 -6.05e-05 1.53e-02
1.707 0.1022 1.83e-09 1.57e-09 4800.05 514.92 62.80 -0.8 2277650 0.00e+00 5.29e-16 1.59e+01 4.28e-09 -6.42e-05 1.51e-02
1.746 0.1048 1.76e-09 1.50e-09 4726.59 505.19 62.00 -0.8 2251612 0.00e+00 5.51e-16 1.68e+01 4.54e-09 -6.82e-05 1.49e-02
1.787 0.1075 1.69e-09 1.44e-09 4652.85 495.80 61.22 -0.8 2225871 0.00e+00 5.74e-16 1.77e+01 4.83e-09 -7.24e-05 1.47e-02
1.829 0.1102 1.62e-09 1.39e-09 4580.11 486.59 60.46 -0.8 2200425 0.00e+00 5.98e-16 1.87e+01 5.13e-09 -7.70e-05 1.46e-02
1.871 0.1130 1.55e-09 1.33e-09 4507.41 477.68 59.71 -0.8 2175269 0.00e+00 6.23e-16 1.97e+01 5.46e-09 -8.19e-05 1.44e-02
1.915 0.1159 1.49e-09 1.27e-09 4434.60 469.06 58.99 -0.8 2150401 0.00e+00 6.49e-16 2.08e+01 5.81e-09 -8.71e-05 1.42e-02
1.959 0.1189 1.43e-09 1.22e-09 4362.52 460.64 58.28 -0.8 2125817 0.00e+00 6.77e-16 2.20e+01 6.19e-09 -9.28e-05 1.40e-02
2.005 0.1220 1.37e-09 1.17e-09 4291.00 452.44 57.58 -0.8 2101515 0.00e+00 7.06e-16 2.32e+01 6.59e-09 -9.89e-05 1.38e-02
2.051 0.1254 1.31e-09 1.12e-09 4204.67 446.07 56.89 -0.8 2077490 0.00e+00 7.41e-16 2.46e+01 7.09e-09 -1.06e-04 1.36e-02
2.099 0.1295 1.23e-09 1.05e-09 4081.52 443.95 56.15 -0.8 2053740 0.00e+00 7.88e-16 2.62e+01 7.80e-09 -1.17e-04 1.34e-02
2.148 0.1337 1.15e-09 9.88e-10 3961.65 441.88 55.42 -0.8 2030261 0.00e+00 8.38e-16 2.80e+01 8.59e-09 -1.29e-04 1.32e-02
2.198 0.1381 1.08e-09 9.28e-10 3845.37 439.80 54.72 -0.8 2007051 0.00e+00 8.92e-16 2.99e+01 9.47e-09 -1.42e-04 1.30e-02
2.249 0.1426 1.02e-09 8.73e-10 3732.60 437.73 54.02 -0.8 1984106 0.00e+00 9.49e-16 3.19e+01 1.05e-08 -1.57e-04 1.28e-02
2.301 0.1473 9.58e-10 8.20e-10 3622.81 435.70 53.34 -0.8 1961423 0.00e+00 1.01e-15 3.40e+01 1.16e-08 -1.74e-04 1.26e-02
2.355 0.1521 9.01e-10 7.71e-10 3516.33 433.68 52.67 -0.8 1939000 0.00e+00 1.07e-15 3.63e+01 1.28e-08 -1.92e-04 1.24e-02
2.410 0.1570 8.47e-10 7.24e-10 3412.87 431.67 52.02 -0.8 1916833 0.00e+00 1.14e-15 3.87e+01 1.42e-08 -2.13e-04 1.22e-02
2.466 0.1622 7.96e-10 6.81e-10 3312.34 429.69 51.38 -0.8 1894920 0.00e+00 1.22e-15 4.14e+01 1.58e-08 -2.37e-04 1.20e-02
2.523 0.1675 7.48e-10 6.40e-10 3214.66 427.74 50.75 -0.8 1873257 0.00e+00 1.29e-15 4.41e+01 1.76e-08 -2.65e-04 1.18e-02
2.582 0.1730 7.03e-10 6.01e-10 3119.92 425.78 50.13 -0.8 1851841 0.00e+00 1.38e-15 4.71e+01 1.97e-08 -2.96e-04 1.16e-02
2.642 0.1786 6.60e-10 5.65e-10 3027.87 423.85 49.53 -0.8 1830671 0.00e+00 1.47e-15 5.03e+01 2.21e-08 -3.31e-04 1.14e-02
2.703 0.1845 6.20e-10 5.31e-10 2938.43 421.95 48.93 -0.8 1809742 0.00e+00 1.56e-15 5.37e+01 2.47e-08 -3.71e-04 1.12e-02
2.766 0.1905 5.83e-10 4.99e-10 2851.69 420.04 48.35 -0.8 1789053 0.00e+00 1.66e-15 5.73e+01 2.78e-08 -4.17e-04 1.11e-02
2.831 0.1968 5.48e-10 4.69e-10 2767.25 418.18 47.78 -0.9 1768600 0.00e+00 1.77e-15 6.12e+01 3.14e-08 -4.70e-04 1.09e-02
2.897 0.2030 5.17e-10 4.42e-10 2692.31 415.25 47.24 -0.9 1748382 0.00e+00 1.87e-15 6.51e+01 3.51e-08 -5.27e-04 1.07e-02
2.964 0.2087 4.92e-10 4.21e-10 2635.37 409.83 46.75 -0.9 1728394 0.00e+00 1.97e-15 6.90e+01 3.86e-08 -5.79e-04 1.06e-02
3.033 0.2147 4.68e-10 4.01e-10 2579.33 404.54 46.27 -0.9 1708635 0.00e+00 2.07e-15 7.32e+01 4.25e-08 -6.38e-04 1.04e-02
3.103 0.2208 4.45e-10 3.81e-10 2524.31 399.34 45.80 -0.9 1689101 0.00e+00 2.10e-15 7.48e+01 4.44e-08 -6.66e-04 1.01e-02
3.176 0.2270 4.24e-10 3.63e-10 2470.28 394.24 45.34 -0.9 1669791 0.00e+00 1.73e-15 6.22e+01 3.40e-08 -5.10e-04 8.82e-03
3.249 0.2335 4.03e-10 3.45e-10 2417.22 389.23 44.90 -0.9 1650702 0.00e+00 1.50e-15 5.44e+01 2.82e-08 -4.23e-04 7.90e-03
3.325 0.2398 3.85e-10 3.30e-10 2372.46 383.13 44.48 -0.8 1631831 0.00e+00 1.29e-15 4.74e+01 2.31e-08 -3.46e-04 7.08e-03
3.402 0.2463 3.68e-10 3.15e-10 2328.54 377.12 44.07 -0.8 1613176 0.00e+00 1.15e-15 4.27e+01 1.99e-08 -2.98e-04 6.45e-03
3.482 0.2529 3.52e-10 3.01e-10 2285.27 371.23 43.68 -0.8 1594733 0.00e+00 1.05e-15 3.95e+01 1.78e-08 -2.67e-04 5.95e-03
3.563 0.2598 3.36e-10 2.88e-10 2242.35 365.51 43.29 -0.8 1576502 0.00e+00 9.82e-16 3.72e+01 1.64e-08 -2.46e-04 5.54e-03
3.645 0.2668 3.21e-10 2.75e-10 2200.34 359.86 42.91 -0.8 1558479 0.00e+00 9.28e-16 3.55e+01 1.55e-08 -2.32e-04 5.19e-03
3.730 0.2740 3.07e-10 2.63e-10 2158.77 354.35 42.54 -0.8 1540663 0.00e+00 8.87e-16 3.43e+01 1.48e-08 -2.23e-04 4.90e-03
3.817 0.2815 2.93e-10 2.51e-10 2117.93 348.94 42.18 -0.8 1523050 0.00e+00 8.56e-16 3.34e+01 1.44e-08 -2.16e-04 4.64e-03
3.906 0.2891 2.80e-10 2.40e-10 2077.63 343.65 41.83 -0.8 1505638 0.00e+00 8.32e-16 3.29e+01 1.42e-08 -2.13e-04 4.41e-03
3.997 0.2970 2.67e-10 2.29e-10 2037.87 338.47 41.48 -0.8 1488425 0.00e+00 8.15e-16 3.25e+01 1.41e-08 -2.12e-04 4.21e-03
4.090 0.3051 2.55e-10 2.18e-10 1999.05 333.35 41.14 -0.8 1471409 0.00e+00 8.02e-16 3.23e+01 1.42e-08 -2.13e-04 4.02e-03
4.185 0.3134 2.44e-10 2.09e-10 1960.72 328.34 40.81 -0.8 1454588 0.00e+00 7.93e-16 3.23e+01 1.43e-08 -2.15e-04 3.86e-03
4.282 0.3220 2.33e-10 1.99e-10 1923.00 323.43 40.48 -0.8 1437959 0.00e+00 7.88e-16 3.24e+01 1.46e-08 -2.19e-04 3.71e-03
4.382 0.3308 2.22e-10 1.90e-10 1885.74 318.64 40.17 -0.8 1421520 0.00e+00 7.86e-16 3.26e+01 1.49e-08 -2.24e-04 3.57e-03
4.484 0.3399 2.12e-10 1.81e-10 1849.34 313.89 39.85 -0.8 1405269 0.00e+00 7.86e-16 3.30e+01 1.54e-08 -2.31e-04 3.44e-03
4.588 0.3492 2.02e-10 1.73e-10 1813.64 309.22 39.55 -0.8 1389204 0.00e+00 7.89e-16 3.34e+01 1.59e-08 -2.38e-04 3.32e-03
4.695 0.3587 1.93e-10 1.65e-10 1778.47 304.64 39.25 -0.8 1373322 0.00e+00 7.93e-16 3.39e+01 1.65e-08 -2.47e-04 3.21e-03
4.804 0.3686 1.84e-10 1.58e-10 1743.83 300.16 38.96 -0.8 1357622 0.00e+00 8.00e-16 3.46e+01 1.72e-08 -2.58e-04 3.11e-03
4.916 0.3787 1.76e-10 1.50e-10 1709.83 295.75 38.67 -0.8 1342102 0.00e+00 8.09e-16 3.53e+01 1.80e-08 -2.69e-04 3.01e-03
5.030 0.3895 1.67e-10 1.43e-10 1673.44 291.94 38.38 -0.8 1326759 0.00e+00 8.25e-16 3.63e+01 1.91e-08 -2.86e-04 2.92e-03
5.147 0.4006 1.59e-10 1.36e-10 1637.43 288.24 38.08 -0.8 1311591 0.00e+00 8.44e-16 3.74e+01 2.03e-08 -3.05e-04 2.84e-03
5.267 0.4120 1.51e-10 1.30e-10 1601.92 284.64 37.80 -0.8 1296597 0.00e+00 8.64e-16 3.87e+01 2.17e-08 -3.26e-04 2.77e-03
5.389 0.4238 1.44e-10 1.23e-10 1567.29 281.06 37.51 -0.8 1281774 0.00e+00 8.86e-16 4.00e+01 2.33e-08 -3.49e-04 2.70e-03
5.515 0.4360 1.37e-10 1.17e-10 1533.14 277.58 37.24 -0.8 1267120 0.00e+00 9.11e-16 4.14e+01 2.50e-08 -3.74e-04 2.63e-03
5.643 0.4485 1.30e-10 1.11e-10 1499.71 274.15 36.96 -0.8 1252634 0.00e+00 9.37e-16 4.30e+01 2.68e-08 -4.02e-04 2.56e-03
5.774 0.4614 1.24e-10 1.06e-10 1466.72 270.81 36.69 -0.8 1238314 0.00e+00 9.66e-16 4.47e+01 2.89e-08 -4.33e-04 2.50e-03
5.908 0.4747 1.18e-10 1.01e-10 1434.28 267.55 36.43 -0.8 1224157 0.00e+00 9.97e-16 4.65e+01 3.12e-08 -4.68e-04 2.44e-03
6.046 0.4883 1.12e-10 9.57e-11 1402.65 264.30 36.16 -0.8 1210163 0.00e+00 1.03e-15 4.84e+01 3.37e-08 -5.05e-04 2.39e-03
6.187 0.5024 1.06e-10 9.10e-11 1371.55 261.13 35.90 -0.8 1196328 0.00e+00 1.07e-15 5.05e+01 3.64e-08 -5.46e-04 2.33e-03
6.330 0.5169 1.01e-10 8.65e-11 1341.21 257.98 35.65 -0.8 1182651 0.00e+00 1.11e-15 5.28e+01 3.94e-08 -5.91e-04 2.28e-03
6.478 0.5313 9.64e-11 8.24e-11 1314.07 254.38 35.41 -0.8 1169131 0.00e+00 1.14e-15 5.49e+01 4.22e-08 -6.33e-04 2.23e-03
6.628 0.5459 9.20e-11 7.87e-11 1288.72 250.59 35.19 -0.8 1155765 0.00e+00 1.17e-15 5.70e+01 4.50e-08 -6.75e-04 2.18e-03
6.783 0.5608 8.78e-11 7.51e-11 1263.66 246.90 34.97 -0.8 1142553 0.00e+00 1.21e-15 5.94e+01 4.80e-08 -7.20e-04 2.14e-03
6.940 0.5762 8.38e-11 7.17e-11 1239.12 243.25 34.75 -0.8 1129491 0.00e+00 1.25e-15 6.19e+01 5.13e-08 -7.70e-04 2.09e-03
7.102 0.5920 8.00e-11 6.84e-11 1215.09 239.65 34.54 -0.8 1116578 0.00e+00 1.29e-15 6.46e+01 5.49e-08 -8.24e-04 2.05e-03
7.267 0.6082 7.63e-11 6.53e-11 1191.77 236.06 34.33 -0.8 1103813 0.00e+00 1.33e-15 6.74e+01 5.88e-08 -8.82e-04 2.01e-03
7.436 0.6248 7.29e-11 6.24e-11 1168.89 232.52 34.12 -0.8 1091194 0.00e+00 1.38e-15 7.05e+01 6.29e-08 -9.44e-04 1.97e-03
7.609 0.6419 6.96e-11 5.95e-11 1146.36 229.05 33.92 -0.8 1078720 0.00e+00 1.43e-15 7.38e+01 6.75e-08 -1.01e-03 1.93e-03
7.786 0.6594 6.64e-11 5.68e-11 1124.29 225.63 33.71 -0.8 1066388 0.00e+00 1.49e-15 7.74e+01 7.24e-08 -1.09e-03 1.90e-03
7.967 0.6774 6.34e-11 5.43e-11 1102.72 222.24 33.52 -0.8 1054197 0.00e+00 1.54e-15 8.13e+01 7.78e-08 -1.17e-03 1.87e-03
8.153 0.6958 6.06e-11 5.18e-11 1081.81 218.85 33.32 -0.8 1042145 0.00e+00 1.61e-15 8.54e+01 8.35e-08 -1.25e-03 1.84e-03
8.342 0.7147 5.78e-11 4.95e-11 1061.26 215.53 33.13 -0.8 1030231 0.00e+00 1.67e-15 8.99e+01 8.97e-08 -1.35e-03 1.81e-03
8.536 0.7342 5.52e-11 4.73e-11 1040.99 212.27 32.94 -0.8 1018453 0.00e+00 1.75e-15 9.47e+01 9.65e-08 -1.45e-03 1.78e-03
8.735 0.7542 5.27e-11 4.51e-11 1021.12 209.07 32.76 -0.8 1006810 0.00e+00 1.82e-15 9.99e+01 1.04e-07 -1.56e-03 1.75e-03
8.938 0.7746 5.04e-11 4.31e-11 1001.98 205.84 32.57 -0.7 995300 0.00e+00 1.91e-15 1.05e+02 1.12e-07 -1.68e-03 1.73e-03
9.146 0.7956 4.81e-11 4.12e-11 983.21 202.65 32.40 -0.7 983922 0.00e+00 1.99e-15 1.11e+02 1.20e-07 -1.80e-03 1.71e-03
9.359 0.8172 4.60e-11 3.94e-11 964.74 199.53 32.22 -0.7 972673 0.00e+00 2.09e-15 1.18e+02 1.30e-07 -1.94e-03 1.68e-03
9.576 0.8393 4.39e-11 3.76e-11 946.57 196.47 32.04 -0.7 961554 0.00e+00 2.19e-15 1.25e+02 1.40e-07 -2.10e-03 1.66e-03
9.799 0.8620 4.20e-11 3.59e-11 928.90 193.42 31.87 -0.7 950561 0.00e+00 2.30e-15 1.33e+02 1.51e-07 -2.26e-03 1.64e-03
10.027 0.8852 4.01e-11 3.43e-11 911.74 190.38 31.70 -0.7 939694 0.00e+00 2.42e-15 1.41e+02 1.62e-07 -2.44e-03 1.63e-03
10.260 0.9091 3.84e-11 3.28e-11 894.89 187.38 31.53 -0.7 928951 0.00e+00 2.54e-15 1.50e+02 1.75e-07 -2.63e-03 1.61e-03
10.499 0.9336 3.67e-11 3.14e-11 878.29 184.45 31.37 -0.7 918331 0.00e+00 2.68e-15 1.59e+02 1.89e-07 -2.84e-03 1.59e-03
10.743 0.9587 3.50e-11 3.00e-11 861.99 181.57 31.20 -0.7 907833 0.00e+00 2.82e-15 1.70e+02 2.04e-07 -3.06e-03 1.58e-03
10.993 0.9844 3.35e-11 2.87e-11 846.33 178.66 31.04 -0.7 897454 0.00e+00 2.98e-15 1.81e+02 2.20e-07 -3.30e-03 1.56e-03
11.249 1.0108 3.20e-11 2.74e-11 830.88 175.81 30.88 -0.7 887195 0.00e+00 3.14e-15 1.93e+02 2.38e-07 -3.56e-03 1.55e-03
11.511 1.0379 3.06e-11 2.62e-11 815.71 173.01 30.73 -0.7 877052 0.00e+00 3.32e-15 2.06e+02 2.57e-07 -3.85e-03 1.54e-03
11.778 1.0657 2.93e-11 2.50e-11 800.85 170.24 30.57 -0.7 867025 0.00e+00 3.52e-15 2.20e+02 2.77e-07 -4.15e-03 1.53e-03
12.052 1.0942 2.80e-11 2.40e-11 786.42 167.49 30.42 -0.7 857114 0.00e+00 3.72e-15 2.35e+02 2.99e-07 -4.48e-03 1.52e-03
12.333 1.1233 2.68e-11 2.29e-11 772.29 164.77 30.27 -0.7 847315 0.00e+00 3.94e-15 2.52e+02 3.23e-07 -4.83e-03 1.51e-03
12.620 1.1532 2.56e-11 2.19e-11 758.45 162.09 30.12 -0.7 837628 0.00e+00 4.17e-15 2.70e+02 3.48e-07 -5.20e-03 1.50e-03
12.913 1.1840 2.45e-11 2.10e-11 744.78 159.46 29.97 -0.7 828052 0.00e+00 4.43e-15 2.89e+02 3.75e-07 -5.61e-03 1.49e-03
13.214 1.2179 2.33e-11 1.99e-11 728.57 157.49 29.80 -0.7 818586 0.00e+00 4.77e-15 3.14e+02 4.12e-07 -6.14e-03 1.48e-03
13.521 1.2539 2.21e-11 1.89e-11 711.46 155.80 29.61 -0.7 809228 0.00e+00 5.17e-15 3.43e+02 4.55e-07 -6.77e-03 1.48e-03
13.835 1.2907 2.10e-11 1.79e-11 695.05 154.08 29.43 -0.7 799977 0.00e+00 5.60e-15 3.74e+02 5.01e-07 -7.43e-03 1.48e-03
14.157 1.3282 1.99e-11 1.71e-11 679.48 152.26 29.25 -0.7 790831 0.00e+00 6.06e-15 4.07e+02 5.48e-07 -8.10e-03 1.48e-03
14.487 1.3663 1.90e-11 1.62e-11 664.61 150.39 29.08 -0.7 781790 0.00e+00 6.54e-15 4.44e+02 5.97e-07 -8.79e-03 1.48e-03
14.824 1.4051 1.80e-11 1.54e-11 650.48 148.45 28.92 -0.7 772853 0.00e+00 7.10e-15 4.85e+02 6.52e-07 -9.55e-03 1.48e-03
15.168 1.4481 1.71e-11 1.46e-11 633.92 147.16 28.73 -0.7 764017 0.00e+00 7.82e-15 5.38e+02 7.19e-07 -1.05e-02 1.49e-03
15.521 1.4941 1.61e-11 1.38e-11 616.37 146.22 28.52 -0.7 755283 0.00e+00 8.68e-15 5.99e+02 7.94e-07 -1.15e-02 1.50e-03
15.882 1.5417 1.51e-11 1.30e-11 599.18 145.31 28.31 -0.7 746648 0.00e+00 9.64e-15 6.68e+02 8.71e-07 -1.25e-02 1.51e-03
16.252 1.5909 1.43e-11 1.22e-11 582.45 144.42 28.11 -0.7 738113 0.00e+00 1.07e-14 7.46e+02 1.48e-06 -1.86e-02 1.52e-03
16.630 1.6419 1.34e-11 1.15e-11 566.07 143.56 27.90 -0.7 729674 0.00e+00 1.19e-14 8.33e+02 1.48e-06 -1.86e-02 1.53e-03
17.017 1.6945 1.26e-11 1.08e-11 550.07 142.73 27.70 -0.7 721333 0.00e+00 1.33e-14 9.30e+02 1.48e-06 -1.86e-02 1.55e-03
17.413 1.7491 1.19e-11 1.02e-11 534.41 141.93 27.49 -0.7 713086 0.00e+00 1.48e-14 1.04e+03 1.48e-06 -1.86e-02 1.56e-03
17.818 1.8054 1.12e-11 9.59e-12 519.21 141.13 27.29 -0.7 704934 0.00e+00 1.65e-14 1.16e+03 1.48e-06 -1.86e-02 1.57e-03
18.232 1.8636 1.05e-11 9.02e-12 504.38 140.36 27.09 -0.7 696875 0.00e+00 1.83e-14 1.30e+03 1.48e-06 -1.86e-02 1.58e-03
18.656 1.9238 9.92e-12 8.49e-12 489.90 139.60 26.89 -0.7 688909 0.00e+00 2.04e-14 1.45e+03 1.91e-06 -1.38e-02 1.59e-03
19.090 1.9860 9.33e-12 7.99e-12 475.85 138.85 26.69 -0.7 681033 0.00e+00 2.28e-14 1.62e+03 1.91e-06 -1.38e-02 1.61e-03
19.534 2.0503 8.78e-12 7.51e-12 462.13 138.13 26.49 -0.7 673247 0.00e+00 2.53e-14 1.81e+03 1.91e-06 -1.38e-02 1.62e-03
19.989 2.1063 8.38e-12 7.17e-12 453.27 136.05 26.36 -0.7 665551 0.00e+00 2.74e-14 1.98e+03 1.91e-06 -1.38e-02 1.62e-03
20.454 2.1623 8.02e-12 6.86e-12 445.16 133.83 26.24 -0.7 657942 0.00e+00 2.94e-14 2.15e+03 1.91e-06 -1.38e-02 1.62e-03
20.930 2.2199 7.67e-12 6.56e-12 437.19 131.65 26.11 -0.7 650420 0.00e+00 3.16e-14 2.34e+03 1.91e-06 -1.38e-02 1.62e-03
21.416 2.2791 7.34e-12 6.28e-12 429.33 129.52 25.99 -0.7 642984 0.00e+00 3.40e-14 2.54e+03 1.91e-06 -1.38e-02 1.63e-03
21.915 2.3397 7.02e-12 6.01e-12 421.68 127.40 25.87 -0.7 635634 0.00e+00 3.65e-14 2.75e+03 1.91e-06 -1.38e-02 1.63e-03
22.424 2.4018 6.72e-12 5.75e-12 414.20 125.30 25.75 -0.7 628367 0.00e+00 3.92e-14 2.99e+03 1.91e-06 -1.38e-02 1.63e-03
22.946 2.4655 6.43e-12 5.50e-12 406.86 123.24 25.63 -0.7 621184 0.00e+00 4.21e-14 3.24e+03 1.91e-06 -1.38e-02 1.63e-03
23.480 2.5310 6.15e-12 5.26e-12 399.63 121.21 25.52 -0.7 614082 0.00e+00 4.52e-14 3.52e+03 1.91e-06 -1.38e-02 1.63e-03
24.026 2.5982 5.89e-12 5.04e-12 392.53 119.22 25.40 -0.7 607062 0.00e+00 4.85e-14 3.81e+03 1.91e-06 -1.38e-02 1.63e-03
24.585 2.6670 5.63e-12 4.82e-12 385.63 117.24 25.28 -0.7 600122 0.00e+00 5.20e-14 4.13e+03 1.91e-06 -1.38e-02 1.63e-03
25.157 2.7377 5.39e-12 4.61e-12 378.81 115.30 25.17 -0.7 593261 0.00e+00 5.58e-14 4.48e+03 1.91e-06 -1.38e-02 1.63e-03
25.742 2.8101 5.16e-12 4.41e-12 372.15 113.39 25.05 -0.7 586479 0.00e+00 5.98e-14 4.85e+03 1.91e-06 -1.38e-02 1.63e-03
26.341 2.8846 4.94e-12 4.22e-12 365.58 111.51 24.94 -0.7 579774 0.00e+00 6.40e-14 5.25e+03 1.91e-06 -1.38e-02 1.63e-03
26.954 2.9608 4.73e-12 4.04e-12 359.18 109.65 24.83 -0.7 573146 0.00e+00 6.86e-14 5.68e+03 1.91e-06 -1.38e-02 1.62e-03
27.581 3.0390 4.52e-12 3.87e-12 352.89 107.82 24.72 -0.7 566594 0.00e+00 7.34e-14 6.15e+03 1.91e-06 -1.38e-02 1.62e-03
28.222 3.1193 4.33e-12 3.70e-12 346.71 106.02 24.61 -0.7 560116 0.00e+00 7.85e-14 6.65e+03 1.91e-06 -1.38e-02 1.62e-03
28.879 3.2017 4.14e-12 3.55e-12 340.64 104.25 24.50 -0.7 553713 0.00e+00 8.40e-14 7.19e+03 1.91e-06 -1.38e-02 1.62e-03
29.551 3.2862 3.97e-12 3.39e-12 334.70 102.50 24.39 -0.7 547383 0.00e+00 8.98e-14 7.77e+03 1.91e-06 -1.38e-02 1.62e-03
30.238 3.3730 3.80e-12 3.25e-12 328.86 100.79 24.28 -0.7 541125 0.00e+00 9.60e-14 8.39e+03 1.91e-06 -1.38e-02 1.62e-03
30.941 3.4619 3.64e-12 3.11e-12 323.14 99.09 24.17 -0.7 534939 0.00e+00 1.03e-13 9.07e+03 1.91e-06 -1.38e-02 1.61e-03
31.661 3.5533 3.48e-12 2.98e-12 317.49 97.44 24.06 -0.7 528823 0.00e+00 1.10e-13 9.79e+03 1.91e-06 -1.38e-02 1.61e-03
32.398 3.6468 3.33e-12 2.85e-12 311.99 95.79 23.96 -0.7 522778 0.00e+00 1.17e-13 1.06e+04 1.91e-06 -1.38e-02 1.61e-03
33.151 3.7430 3.19e-12 2.73e-12 306.56 94.18 23.85 -0.7 516801 0.00e+00 1.25e-13 1.14e+04 1.91e-06 -1.38e-02 1.60e-03
33.922 3.8416 3.05e-12 2.61e-12 301.24 92.60 23.74 -0.7 510893 0.00e+00 1.33e-13 1.23e+04 1.91e-06 -1.38e-02 1.60e-03
34.712 3.9427 2.92e-12 2.50e-12 296.02 91.04 23.64 -0.7 505053 0.00e+00 1.42e-13 1.33e+04 1.91e-06 -1.38e-02 1.60e-03
35.519 4.0465 2.80e-12 2.40e-12 290.90 89.50 23.53 -0.6 499279 0.00e+00 1.52e-13 1.43e+04 1.91e-06 -1.38e-02 1.59e-03
36.345 4.1529 2.68e-12 2.29e-12 285.87 87.98 23.43 -0.6 493571 0.00e+00 1.62e-13 1.54e+04 1.91e-06 -1.38e-02 1.59e-03
37.191 4.2621 2.57e-12 2.20e-12 280.93 86.49 23.33 -0.6 487928 0.00e+00 1.72e-13 1.66e+04 1.91e-06 -1.38e-02 1.58e-03
38.056 4.3743 2.46e-12 2.10e-12 276.07 85.03 23.23 -0.6 482350 0.00e+00 1.84e-13 1.78e+04 1.91e-06 -1.38e-02 1.58e-03
38.941 4.4892 2.35e-12 2.01e-12 271.31 83.59 23.12 -0.6 476836 0.00e+00 1.96e-13 1.92e+04 1.91e-06 -1.38e-02 1.57e-03
39.847 4.6072 2.25e-12 1.93e-12 266.64 82.17 23.02 -0.6 471385 0.00e+00 2.08e-13 2.07e+04 1.91e-06 -1.38e-02 1.57e-03
40.774 4.7283 2.16e-12 1.85e-12 262.04 80.78 22.92 -0.6 465996 0.00e+00 2.22e-13 2.22e+04 1.91e-06 -1.38e-02 1.56e-03
41.723 4.8525 2.07e-12 1.77e-12 257.53 79.41 22.82 -0.6 460669 0.00e+00 2.36e-13 2.39e+04 1.91e-06 -1.38e-02 1.56e-03
42.693 4.9800 1.98e-12 1.69e-12 253.09 78.06 22.72 -0.6 455402 0.00e+00 2.51e-13 2.57e+04 1.91e-06 -1.38e-02 1.55e-03
43.686 5.1107 1.90e-12 1.62e-12 248.75 76.73 22.62 -0.6 450196 0.00e+00 2.67e-13 2.76e+04 1.91e-06 -1.38e-02 1.55e-03
44.703 5.2449 1.82e-12 1.55e-12 244.47 75.43 22.53 -0.6 445049 0.00e+00 2.84e-13 2.97e+04 1.91e-06 -1.38e-02 1.54e-03
45.742 5.3826 1.74e-12 1.49e-12 240.26 74.14 22.43 -0.6 439961 0.00e+00 3.01e-13 3.19e+04 1.91e-06 -1.38e-02 1.53e-03
46.806 5.5239 1.67e-12 1.42e-12 236.14 72.88 22.33 -0.6 434932 0.00e+00 3.20e-13 3.42e+04 1.91e-06 -1.38e-02 1.53e-03
47.895 5.6686 1.60e-12 1.36e-12 232.10 71.63 22.23 -0.6 429959 0.00e+00 3.40e-13 3.67e+04 1.91e-06 -1.38e-02 1.52e-03
49.009 5.8176 1.53e-12 1.31e-12 228.11 70.42 22.14 -0.6 425044 0.00e+00 3.61e-13 3.94e+04 1.91e-06 -1.38e-02 1.51e-03
50.150 5.9701 1.46e-12 1.25e-12 224.21 69.21 22.04 -0.6 420185 0.00e+00 3.83e-13 4.23e+04 1.91e-06 -1.38e-02 1.51e-03
51.316 6.1267 1.40e-12 1.20e-12 220.36 68.03 21.94 -0.6 415381 0.00e+00 4.07e-13 4.53e+04 1.91e-06 -1.38e-02 1.50e-03
52.510 6.2873 1.34e-12 1.15e-12 216.59 66.87 21.85 -0.6 410633 0.00e+00 4.32e-13 4.86e+04 1.91e-06 -1.38e-02 1.49e-03
53.731 6.4523 1.29e-12 1.10e-12 212.87 65.73 21.75 -0.6 405938 0.00e+00 4.58e-13 5.21e+04 1.91e-06 -1.38e-02 1.48e-03
54.981 6.6216 1.23e-12 1.05e-12 209.22 64.61 21.66 -0.6 401297 0.00e+00 4.86e-13 5.59e+04 1.91e-06 -1.38e-02 1.48e-03
56.260 6.7949 1.18e-12 1.01e-12 205.65 63.50 21.57 -0.6 396710 0.00e+00 5.15e-13 5.98e+04 1.91e-06 -1.38e-02 1.47e-03
57.569 6.9731 1.13e-12 9.66e-13 202.13 62.42 21.47 -0.6 392175 0.00e+00 5.46e-13 6.41e+04 1.91e-06 -1.38e-02 1.46e-03
58.908 7.1562 1.08e-12 9.25e-13 198.66 61.36 21.38 -0.6 387691 0.00e+00 5.78e-13 6.86e+04 1.91e-06 -1.38e-02 1.45e-03
60.279 7.3437 1.04e-12 8.86e-13 195.26 60.31 21.29 -0.6 383259 0.00e+00 6.13e-13 7.35e+04 1.91e-06 -1.38e-02 1.44e-03
61.681 7.5361 9.92e-13 8.49e-13 191.93 59.28 21.20 -0.6 378878 0.00e+00 6.49e-13 7.86e+04 1.95e-06 -1.36e-02 1.44e-03
63.116 7.7336 9.50e-13 8.13e-13 188.64 58.26 21.11 -0.6 374546 0.00e+00 6.87e-13 8.41e+04 1.97e-06 -1.34e-02 1.43e-03
64.584 7.9364 9.10e-13 7.79e-13 185.41 57.27 21.01 -0.6 370264 0.00e+00 7.28e-13 9.00e+04 2.01e-06 -1.33e-02 1.42e-03
66.086 8.1445 8.72e-13 7.46e-13 182.24 56.29 20.92 -0.6 366031 0.00e+00 7.70e-13 9.63e+04 2.04e-06 -1.31e-02 1.41e-03
67.624 8.3579 8.35e-13 7.14e-13 179.12 55.33 20.83 -0.6 361847 0.00e+00 8.15e-13 1.03e+05 2.08e-06 -1.29e-02 1.40e-03
69.197 8.5769 8.00e-13 6.84e-13 176.06 54.38 20.74 -0.5 357710 0.00e+00 8.62e-13 1.10e+05 2.06e-06 -1.27e-02 1.39e-03
70.806 8.8016 7.66e-13 6.55e-13 173.05 53.45 20.65 -0.5 353621 0.00e+00 9.12e-13 1.18e+05 2.07e-06 -1.25e-02 1.38e-03
72.454 9.0325 7.34e-13 6.28e-13 170.09 52.54 20.56 -0.5 349578 0.00e+00 9.65e-13 1.26e+05 2.10e-06 -1.24e-02 1.37e-03
74.139 9.2693 7.03e-13 6.01e-13 167.18 51.64 20.48 -0.5 345582 0.00e+00 1.02e-12 1.34e+05 2.12e-06 -1.22e-02 1.37e-03
75.864 9.5123 6.73e-13 5.76e-13 164.31 50.76 20.39 -0.5 341631 0.00e+00 1.08e-12 1.43e+05 2.13e-06 -1.20e-02 1.36e-03
77.628 9.7617 6.45e-13 5.51e-13 161.50 49.89 20.30 -0.5 337725 0.00e+00 1.14e-12 1.53e+05 2.13e-06 -1.19e-02 1.35e-03
79.434 10.0176 6.17e-13 5.28e-13 158.74 49.04 20.21 -0.5 333864 0.00e+00 1.20e-12 1.63e+05 2.14e-06 -1.17e-02 1.34e-03
81.282 10.2803 5.91e-13 5.06e-13 156.02 48.20 20.12 -0.5 330048 0.00e+00 1.27e-12 1.74e+05 2.14e-06 -1.15e-02 1.33e-03
83.173 10.5499 5.66e-13 4.85e-13 153.35 47.38 20.04 -0.5 326274 0.00e+00 1.34e-12 1.86e+05 2.15e-06 -1.13e-02 1.32e-03
85.108 10.8267 5.42e-13 4.64e-13 150.72 46.57 19.95 -0.5 322544 0.00e+00 1.42e-12 1.99e+05 2.14e-06 -1.12e-02 1.31e-03
87.087 11.1109 5.19e-13 4.44e-13 148.13 45.78 19.86 -0.5 318857 0.00e+00 1.50e-12 2.12e+05 2.17e-06 -1.10e-02 1.30e-03
89.113 11.4023 4.97e-13 4.26e-13 145.59 45.00 19.78 -0.5 315212 0.00e+00 1.58e-12 2.26e+05 2.15e-06 -1.08e-02 1.29e-03
91.186 11.7016 4.76e-13 4.08e-13 143.09 44.23 19.69 -0.5 311608 0.00e+00 1.67e-12 2.41e+05 2.19e-06 -1.07e-02 1.28e-03
93.308 12.0086 4.56e-13 3.90e-13 140.63 43.48 19.61 -0.5 308046 0.00e+00 1.76e-12 2.57e+05 2.19e-06 -1.05e-02 1.27e-03
95.478 12.3240 4.37e-13 3.74e-13 138.22 42.74 19.52 -0.5 304524 0.00e+00 1.86e-12 2.74e+05 2.20e-06 -1.04e-02 1.26e-03
97.699 12.6475 4.18e-13 3.58e-13 135.84 42.01 19.44 -0.5 301043 0.00e+00 1.97e-12 2.92e+05 2.21e-06 -1.02e-02 1.25e-03
99.972 12.9799 4.01e-13 3.43e-13 133.50 41.30 19.35 -0.5 297601 0.00e+00 2.07e-12 3.11e+05 2.22e-06 -1.00e-02 1.24e-03
102.298 13.3211 3.84e-13 3.28e-13 131.20 40.60 19.27 -0.5 294199 0.00e+00 2.19e-12 3.32e+05 2.23e-06 -9.88e-03 1.23e-03
104.677 13.6712 3.67e-13 3.14e-13 128.93 39.91 19.19 -0.5 290836 0.00e+00 2.31e-12 3.53e+05 2.24e-06 -9.72e-03 1.22e-03
107.112 14.0305 3.52e-13 3.01e-13 126.71 39.23 19.10 -0.5 287511 0.00e+00 2.43e-12 3.76e+05 2.24e-06 -9.57e-03 1.21e-03
109.604 14.3994 3.37e-13 2.88e-13 124.52 38.57 19.02 -0.5 284224 0.00e+00 2.57e-12 4.01e+05 2.25e-06 -9.41e-03 1.20e-03
112.154 14.7781 3.23e-13 2.76e-13 122.37 37.92 18.94 -0.5 280975 0.00e+00 2.71e-12 4.27e+05 2.26e-06 -9.26e-03 1.19e-03
114.763 15.1670 3.09e-13 2.64e-13 120.26 37.28 18.85 -0.5 277763 0.00e+00 2.85e-12 4.54e+05 2.27e-06 -9.11e-03 1.18e-03
117.432 15.5663 2.96e-13 2.53e-13 118.17 36.65 18.77 -0.5 274587 0.00e+00 3.01e-12 4.84e+05 2.28e-06 -8.96e-03 1.17e-03
120.164 15.9764 2.83e-13 2.42e-13 116.12 36.03 18.69 -0.5 271448 0.00e+00 3.17e-12 5.15e+05 2.29e-06 -8.82e-03 1.16e-03
122.959 16.3970 2.71e-13 2.32e-13 114.11 35.42 18.61 -0.5 268345 0.00e+00 3.34e-12 5.48e+05 2.30e-06 -8.67e-03 1.15e-03
125.820 16.8298 2.60e-13 2.22e-13 112.12 34.83 18.53 -0.5 265277 0.00e+00 3.52e-12 5.83e+05 2.31e-06 -8.53e-03 1.14e-03
128.746 17.2730 2.48e-13 2.13e-13 110.17 34.24 18.45 -0.5 262244 0.00e+00 3.71e-12 6.20e+05 2.32e-06 -8.39e-03 1.13e-03
131.741 17.7292 2.38e-13 2.04e-13 108.24 33.67 18.36 -0.5 259246 0.00e+00 3.91e-12 6.60e+05 2.33e-06 -8.25e-03 1.12e-03
134.806 18.1973 2.28e-13 1.95e-13 106.35 33.11 18.28 -0.5 256283 0.00e+00 4.12e-12 7.02e+05 2.34e-06 -8.11e-03 1.11e-03
137.942 18.6776 2.18e-13 1.86e-13 104.50 32.55 18.20 -0.5 253353 0.00e+00 4.34e-12 7.46e+05 2.36e-06 -7.97e-03 1.10e-03
141.151 19.1713 2.09e-13 1.79e-13 102.66 32.01 18.12 -0.5 250456 0.00e+00 4.57e-12 7.93e+05 2.37e-06 -7.84e-03 1.09e-03
144.434 19.6781 2.00e-13 1.71e-13 100.86 31.48 18.04 -0.5 247593 0.00e+00 4.81e-12 8.44e+05 2.38e-06 -7.70e-03 1.09e-03
147.794 20.1993 1.91e-13 1.64e-13 99.09 30.96 17.96 -0.5 244763 0.00e+00 5.07e-12 8.97e+05 2.39e-06 -7.57e-03 1.08e-03
151.232 20.7344 1.83e-13 1.56e-13 97.34 30.44 17.88 -0.5 241965 0.00e+00 5.33e-12 9.53e+05 2.41e-06 -7.43e-03 1.07e-03
154.750 21.2838 1.75e-13 1.50e-13 95.62 29.94 17.80 -0.5 239198 0.00e+00 5.62e-12 1.01e+06 2.41e-06 -7.31e-03 1.06e-03
158.350 21.8477 1.67e-13 1.43e-13 93.93 29.44 17.72 -0.5 236464 0.00e+00 5.91e-12 1.08e+06 2.42e-06 -7.18e-03 1.05e-03
162.034 22.4277 1.60e-13 1.37e-13 92.27 28.96 17.65 -0.4 233761 0.00e+00 6.23e-12 1.14e+06 2.44e-06 -7.06e-03 1.04e-03
165.803 23.0235 1.53e-13 1.31e-13 90.62 28.48 17.57 -0.4 231088 0.00e+00 6.56e-12 1.22e+06 2.45e-06 -6.93e-03 1.03e-03
169.660 23.6356 1.47e-13 1.26e-13 89.01 28.02 17.49 -0.4 228446 0.00e+00 6.90e-12 1.29e+06 2.46e-06 -6.81e-03 1.02e-03
173.607 24.2639 1.40e-13 1.20e-13 87.42 27.56 17.41 -0.4 225835 0.00e+00 7.26e-12 1.37e+06 2.47e-06 -6.69e-03 1.01e-03
177.645 24.9103 1.34e-13 1.15e-13 85.86 27.11 17.33 -0.4 223253 0.00e+00 7.65e-12 1.46e+06 2.49e-06 -6.57e-03 9.97e-04
181.778 25.5746 1.28e-13 1.10e-13 84.31 26.67 17.25 -0.4 220701 0.00e+00 8.05e-12 1.55e+06 2.50e-06 -6.46e-03 9.88e-04
186.006 26.2569 1.23e-13 1.05e-13 82.80 26.24 17.17 -0.4 218178 0.00e+00 8.47e-12 1.65e+06 2.51e-06 -6.34e-03 9.78e-04
190.333 26.9583 1.17e-13 1.01e-13 81.30 25.82 17.10 -0.4 215683 0.00e+00 8.92e-12 1.75e+06 2.52e-06 -6.23e-03 9.68e-04
194.761 27.6788 1.12e-13 9.61e-14 79.83 25.40 17.02 -0.4 213218 0.00e+00 9.39e-12 1.86e+06 2.54e-06 -6.11e-03 9.59e-04
199.292 28.4199 1.07e-13 9.19e-14 78.38 24.99 16.94 -0.4 210780 0.00e+00 9.88e-12 1.97e+06 2.55e-06 -6.00e-03 9.49e-04
203.928 29.1813 1.03e-13 8.79e-14 76.95 24.59 16.86 -0.4 208370 0.00e+00 1.04e-11 2.09e+06 2.57e-06 -5.89e-03 9.40e-04
208.671 29.9648 9.82e-14 8.40e-14 75.54 24.20 16.78 -0.4 205988 0.00e+00 1.10e-11 2.22e+06 2.58e-06 -5.79e-03 9.31e-04
213.526 30.7691 9.39e-14 8.03e-14 74.16 23.82 16.71 -0.4 203633 0.00e+00 1.15e-11 2.36e+06 2.59e-06 -5.68e-03 9.21e-04
218.493 31.5969 8.97e-14 7.68e-14 72.79 23.44 16.63 -0.4 201305 0.00e+00 1.21e-11 2.51e+06 2.61e-06 -5.58e-03 9.12e-04
223.575 32.4481 8.58e-14 7.34e-14 71.44 23.08 16.55 -0.4 199004 0.00e+00 1.28e-11 2.66e+06 2.62e-06 -5.47e-03 9.02e-04
228.776 33.3234 8.20e-14 7.01e-14 70.12 22.71 16.48 -0.4 196729 0.00e+00 1.34e-11 2.83e+06 2.64e-06 -5.37e-03 8.93e-04
234.098 34.2237 7.83e-14 6.70e-14 68.81 22.36 16.40 -0.4 194480 0.00e+00 1.42e-11 3.00e+06 2.65e-06 -5.27e-03 8.84e-04
239.544 35.1499 7.48e-14 6.40e-14 67.52 22.02 16.32 -0.4 192257 0.00e+00 1.49e-11 3.19e+06 2.66e-06 -5.17e-03 8.75e-04
245.116 36.1017 7.15e-14 6.12e-14 66.25 21.68 16.24 -0.4 190059 0.00e+00 1.57e-11 3.38e+06 2.68e-06 -5.08e-03 8.66e-04
250.818 37.0812 6.83e-14 5.84e-14 65.00 21.34 16.17 -0.4 187886 0.00e+00 1.65e-11 3.59e+06 2.69e-06 -4.98e-03 8.57e-04
256.653 38.0894 6.52e-14 5.58e-14 63.77 21.02 16.09 -0.4 185738 0.00e+00 1.74e-11 3.81e+06 2.71e-06 -4.89e-03 8.47e-04
262.623 39.1259 6.23e-14 5.33e-14 62.56 20.70 16.01 -0.4 183615 0.00e+00 1.83e-11 4.05e+06 2.72e-06 -4.80e-03 8.38e-04
268.733 40.1933 5.95e-14 5.09e-14 61.36 20.39 15.93 -0.4 181516 0.00e+00 1.93e-11 4.30e+06 2.74e-06 -4.71e-03 8.29e-04
274.984 41.2926 5.68e-14 4.86e-14 60.18 20.08 15.86 -0.4 179440 0.00e+00 2.03e-11 4.56e+06 2.76e-06 -4.62e-03 8.21e-04
281.381 42.4219 5.42e-14 4.64e-14 59.02 19.79 15.78 -0.4 177389 0.00e+00 2.14e-11 4.84e+06 2.77e-06 -4.53e-03 8.12e-04
287.926 43.5854 5.17e-14 4.43e-14 57.87 19.49 15.70 -0.4 175361 0.00e+00 2.25e-11 5.14e+06 2.79e-06 -4.44e-03 8.03e-04
294.624 44.7828 4.94e-14 4.22e-14 56.74 19.21 15.63 -0.4 173356 0.00e+00 2.37e-11 5.46e+06 2.80e-06 -4.36e-03 7.94e-04
301.478 46.0152 4.71e-14 4.03e-14 55.63 18.93 15.55 -0.4 171375 0.00e+00 2.50e-11 5.80e+06 2.82e-06 -4.28e-03 7.85e-04
308.491 47.2839 4.49e-14 3.84e-14 54.53 18.65 15.47 -0.4 169415 0.00e+00 2.63e-11 6.15e+06 2.83e-06 -4.19e-03 7.77e-04
315.667 48.5902 4.29e-14 3.67e-14 53.45 18.38 15.39 -0.4 167479 0.00e+00 2.77e-11 6.53e+06 2.85e-06 -4.11e-03 7.68e-04
323.010 49.9354 4.09e-14 3.50e-14 52.39 18.12 15.32 -0.4 165564 0.00e+00 2.92e-11 6.94e+06 2.87e-06 -4.03e-03 7.59e-04
330.524 51.3212 3.90e-14 3.33e-14 51.34 17.87 15.24 -0.4 163671 0.00e+00 3.08e-11 7.36e+06 2.88e-06 -3.96e-03 7.51e-04
338.213 52.7488 3.71e-14 3.18e-14 50.30 17.62 15.16 -0.4 161800 0.00e+00 3.24e-11 7.82e+06 2.90e-06 -3.88e-03 7.42e-04
346.081 54.2177 3.54e-14 3.03e-14 49.28 17.37 15.08 -0.4 159950 0.00e+00 3.42e-11 8.30e+06 2.92e-06 -3.80e-03 7.34e-04
354.132 55.7316 3.37e-14 2.89e-14 48.28 17.13 15.01 -0.4 158122 0.00e+00 3.60e-11 8.82e+06 2.93e-06 -3.73e-03 7.26e-04
362.369 57.2923 3.22e-14 2.75e-14 47.29 16.90 14.93 -0.4 156314 0.00e+00 3.80e-11 9.36e+06 2.95e-06 -3.66e-03 7.17e-04
370.799 58.8989 3.06e-14 2.62e-14 46.31 16.67 14.85 -0.4 154527 0.00e+00 4.00e-11 9.94e+06 2.97e-06 -3.59e-03 7.09e-04
379.425 60.5530 2.92e-14 2.50e-14 45.35 16.44 14.77 -0.4 152761 0.00e+00 4.22e-11 1.06e+07 2.98e-06 -3.52e-03 7.01e-04
388.251 62.2593 2.78e-14 2.38e-14 44.41 16.22 14.70 -0.4 151014 0.00e+00 4.45e-11 1.12e+07 3.00e-06 -3.45e-03 6.92e-04
397.283 64.0167 2.65e-14 2.26e-14 43.48 16.01 14.62 -0.4 149288 0.00e+00 4.70e-11 1.19e+07 3.02e-06 -3.38e-03 6.84e-04
406.525 65.8271 2.52e-14 2.16e-14 42.56 15.80 14.54 -0.4 147581 0.00e+00 4.95e-11 1.26e+07 3.03e-06 -3.31e-03 6.76e-04
415.981 67.6957 2.40e-14 2.05e-14 41.66 15.59 14.46 -0.4 145894 0.00e+00 5.23e-11 1.34e+07 3.05e-06 -3.25e-03 6.68e-04
425.658 69.6181 2.28e-14 1.95e-14 40.77 15.39 14.39 -0.4 144226 0.00e+00 5.51e-11 1.43e+07 3.07e-06 -3.18e-03 6.60e-04
435.560 71.6030 2.17e-14 1.86e-14 39.89 15.20 14.31 -0.4 142577 0.00e+00 5.82e-11 1.52e+07 3.08e-06 -3.12e-03 6.52e-04
445.692 73.6493 2.06e-14 1.77e-14 39.03 15.01 14.23 -0.4 140947 0.00e+00 6.14e-11 1.61e+07 3.10e-06 -3.06e-03 6.44e-04
456.060 75.7548 1.96e-14 1.68e-14 38.19 14.82 14.15 -0.4 139336 0.00e+00 6.48e-11 1.71e+07 3.12e-06 -3.00e-03 6.37e-04
466.669 77.9290 1.87e-14 1.60e-14 37.35 14.64 14.07 -0.4 137743 0.00e+00 6.84e-11 1.82e+07 3.14e-06 -2.94e-03 6.29e-04
477.525 80.1697 1.78e-14 1.52e-14 36.53 14.46 14.00 -0.4 136168 0.00e+00 7.22e-11 1.93e+07 3.15e-06 -2.88e-03 6.21e-04
488.633 82.4793 1.69e-14 1.44e-14 35.73 14.28 13.92 -0.4 134612 0.00e+00 7.63e-11 2.05e+07 3.17e-06 -2.82e-03 6.14e-04
500.000 84.8602 1.60e-14 1.37e-14 34.93 14.11 13.84 -0.4 133073 0.00e+00 8.05e-11 2.18e+07 3.19e-06 -2.76e-03 6.06e-04
