#1:r 2:H 3:Rho0 4:RhoMean 5:S 6:Tc 7:Te 8:Vr 9:Vphi 10:tauR 11:x 12:s_e 13:B_r 14:B_phi 15:B_z
0.052 0.0018 1.82e-06 1.55e-06 83179.49 5623.52 787.70 -1.6 13076793 0.00e+00 5.62e-05 3.34e+11 1.01e+04 -1.39e+04 2.01e+02
0.053 0.0018 1.69e-06 1.45e-06 80359.22 5623.52 774.38 -1.6 12927297 0.00e+00 5.80e-05 3.45e+11 9.90e+03 -1.36e+04 1.94e+02
0.054 0.0019 1.58e-06 1.35e-06 77634.57 5623.52 761.29 -1.6 12779510 0.00e+00 6.00e-05 3.56e+11 9.73e+03 -1.32e+04 1.88e+02
0.055 0.0020 1.48e-06 1.26e-06 75002.30 5623.52 748.43 -1.6 12633413 0.00e+00 6.20e-05 3.68e+11 9.55e+03 -1.28e+04 1.82e+02
0.057 0.0020 1.38e-06 1.18e-06 72459.29 5623.52 735.79 -1.6 12488986 0.00e+00 6.41e-05 3.81e+11 9.36e+03 -1.25e+04 1.75e+02
0.058 0.0021 1.29e-06 1.10e-06 70002.50 5623.52 723.37 -1.6 12346210 0.00e+00 6.62e-05 3.93e+11 9.17e+03 -1.21e+04 1.69e+02
0.059 0.0022 1.20e-06 1.03e-06 67629.00 5623.52 711.16 -1.7 12205067 0.00e+00 6.84e-05 4.07e+11 8.98e+03 -1.18e+04 1.64e+02
0.061 0.0023 1.12e-06 9.58e-07 65335.98 5623.52 699.16 -1.7 12065537 0.00e+00 7.07e-05 4.20e+11 8.79e+03 -1.14e+04 1.58e+02
0.062 0.0024 1.05e-06 8.94e-07 63120.71 5623.52 687.37 -1.7 11927602 0.00e+00 7.31e-05 4.35e+11 8.60e+03 -1.11e+04 1.53e+02
0.064 0.0024 9.76e-07 8.35e-07 60980.55 5623.52 675.79 -1.7 11791244 0.00e+00 7.56e-05 4.49e+11 8.40e+03 -1.08e+04 1.48e+02
0.065 0.0025 9.11e-07 7.79e-07 58912.95 5623.52 664.41 -1.7 11656444 0.00e+00 7.81e-05 4.64e+11 8.21e+03 -1.05e+04 1.43e+02
0.067 0.0026 8.50e-07 7.27e-07 56915.46 5623.52 653.22 -1.8 11523186 0.00e+00 8.08e-05 4.80e+11 8.01e+03 -1.02e+04 1.38e+02
0.068 0.0027 7.93e-07 6.79e-07 54985.69 5623.52 642.23 -1.8 11391452 0.00e+00 8.35e-05 4.96e+11 7.82e+03 -9.87e+03 1.33e+02
0.070 0.0028 7.40e-07 6.33e-07 53121.36 5623.52 631.43 -1.8 11261223 0.00e+00 8.64e-05 5.13e+11 7.63e+03 -9.57e+03 1.29e+02
0.071 0.0029 6.94e-07 5.94e-07 51470.37 5607.12 620.83 -1.8 11132483 0.00e+00 8.54e-05 5.09e+11 7.31e+03 -9.22e+03 1.25e+02
0.073 0.0029 6.80e-07 5.82e-07 51349.69 5429.74 610.59 -1.8 11005215 0.00e+00 5.43e-05 3.30e+11 5.81e+03 -8.23e+03 1.24e+02
0.075 0.0030 6.61e-07 5.66e-07 50998.81 5281.73 600.51 -1.8 10879402 0.00e+00 3.69e-05 2.29e+11 4.70e+03 -7.40e+03 1.23e+02
0.077 0.0031 6.41e-07 5.49e-07 50536.19 5149.36 590.60 -1.7 10755027 0.00e+00 2.60e-05 1.64e+11 3.85e+03 -6.68e+03 1.22e+02
0.078 0.0031 6.22e-07 5.32e-07 50084.21 5019.66 580.88 -1.7 10632074 0.00e+00 1.84e-05 1.18e+11 2.90e+03 -5.83e+03 1.21e+02
0.080 0.0032 6.17e-07 5.28e-07 50380.81 4820.91 571.44 -1.7 10510526 0.00e+00 1.11e-05 7.30e+10 2.30e+03 -5.21e+03 1.22e+02
0.082 0.0029 8.31e-07 7.11e-07 62189.07 3773.11 563.82 -1.3 10390369 0.00e+00 5.40e-06 4.21e+10 1.57e+03 -4.50e+03 1.51e+02
0.084 0.0030 8.04e-07 6.88e-07 61529.94 3684.23 554.70 -1.3 10271584 0.00e+00 5.40e-06 4.28e+10 1.56e+03 -4.41e+03 1.49e+02
0.086 0.0030 7.78e-07 6.66e-07 60910.02 3595.54 545.76 -1.3 10154158 0.00e+00 5.40e-06 4.35e+10 1.55e+03 -4.33e+03 1.47e+02
0.088 0.0031 7.48e-07 6.40e-07 59993.70 3526.69 536.94 -1.3 10038074 0.00e+00 5.40e-06 4.41e+10 1.53e+03 -4.24e+03 1.45e+02
0.090 0.0032 7.12e-07 6.09e-07 58721.77 3480.91 528.23 -1.3 9923318 0.00e+00 5.40e-06 4.44e+10 1.51e+03 -4.13e+03 1.42e+02
0.092 0.0033 6.78e-07 5.80e-07 57489.94 3434.94 519.68 -1.3 9809873 0.00e+00 5.40e-06 4.48e+10 1.48e+03 -4.03e+03 1.39e+02
0.094 0.0034 6.45e-07 5.52e-07 56290.87 3389.17 511.29 -1.3 9697725 0.00e+00 5.40e-06 4.53e+10 4.54e+02 -2.41e+03 1.36e+02
0.096 0.0035 6.15e-07 5.26e-07 55126.86 3343.39 503.07 -1.3 9586859 0.00e+00 5.40e-06 4.57e+10 2.34e+02 -1.80e+03 1.33e+02
0.099 0.0036 5.87e-07 5.03e-07 54103.44 3291.13 495.02 -1.3 9477261 0.00e+00 5.40e-06 4.62e+10 1.41e+02 -1.45e+03 1.31e+02
0.101 0.0037 5.65e-07 4.84e-07 53335.41 3225.32 487.18 -1.2 9368916 0.00e+00 5.40e-06 4.68e+10 8.96e+01 -1.20e+03 1.29e+02
0.103 0.0038 5.43e-07 4.65e-07 52546.26 3162.76 479.48 -1.2 9261809 0.00e+00 5.40e-06 4.74e+10 5.57e+01 -9.94e+02 1.27e+02
0.106 0.0039 5.22e-07 4.46e-07 51738.11 3103.25 471.93 -1.2 9155926 0.00e+00 5.40e-06 4.81e+10 3.01e+01 -8.03e+02 1.25e+02
0.108 0.0039 5.22e-07 4.47e-07 52389.22 2960.78 464.90 -1.2 9051255 0.00e+00 5.40e-06 4.96e+10 2.93e+01 -7.97e+02 1.27e+02
0.111 0.0037 6.47e-07 5.53e-07 61098.38 2452.66 460.15 -1.0 8947779 0.00e+00 5.40e-06 5.64e+10 2.64e+01 -7.74e+02 1.48e+02
0.113 0.0037 6.83e-07 5.84e-07 64063.58 2259.83 454.20 -0.9 8845487 0.00e+00 5.40e-06 5.96e+10 1.94e+01 -7.13e+02 1.55e+02
0.116 0.0037 7.09e-07 6.07e-07 66463.32 2104.38 448.32 -0.9 8744364 0.00e+00 5.40e-06 6.26e+10 1.18e+01 -6.35e+02 1.61e+02
0.118 0.0036 7.48e-07 6.40e-07 69679.05 1939.20 442.90 -0.8 8644397 0.00e+00 6.32e-09 7.74e+07 6.09e+00 -5.71e+02 1.69e+02
0.121 0.0035 8.47e-07 7.25e-07 76566.28 1704.93 438.82 -0.7 8545573 0.00e+00 5.48e-10 7.33e+06 5.52e-01 -4.99e+02 1.85e+02
0.124 0.0035 9.14e-07 7.82e-07 81486.43 1547.67 434.45 -0.7 8447879 0.00e+00 7.17e-11 1.02e+06 7.48e-02 -4.17e+02 1.97e+02
0.127 0.0036 8.54e-07 7.31e-07 78801.26 1546.15 427.91 -0.7 8351302 0.00e+00 7.25e-11 1.04e+06 7.66e-02 -4.09e+02 1.91e+02
0.130 0.0037 7.98e-07 6.83e-07 76204.64 1544.62 421.49 -0.7 8255829 0.00e+00 7.35e-11 1.05e+06 7.83e-02 -4.01e+02 1.84e+02
0.133 0.0038 7.46e-07 6.39e-07 73698.21 1543.00 415.20 -0.7 8161447 0.00e+00 7.43e-11 1.06e+06 8.00e-02 -3.93e+02 1.78e+02
0.136 0.0040 6.98e-07 5.97e-07 71269.89 1541.47 409.02 -0.7 8068144 0.00e+00 7.52e-11 1.08e+06 8.18e-02 -3.85e+02 1.72e+02
0.139 0.0041 6.52e-07 5.58e-07 68925.92 1539.85 402.96 -0.7 7975908 0.00e+00 7.60e-11 1.09e+06 8.35e-02 -3.77e+02 1.67e+02
0.142 0.0043 6.10e-07 5.22e-07 66659.11 1538.23 397.02 -0.7 7884726 0.00e+00 7.68e-11 1.10e+06 8.53e-02 -3.69e+02 1.61e+02
0.146 0.0044 5.70e-07 4.88e-07 64466.92 1536.61 391.18 -0.7 7794587 0.00e+00 7.77e-11 1.12e+06 8.70e-02 -3.61e+02 1.56e+02
0.149 0.0046 5.33e-07 4.56e-07 62346.90 1534.99 385.46 -0.7 7705478 0.00e+00 7.85e-11 1.13e+06 8.88e-02 -3.53e+02 1.51e+02
0.153 0.0047 4.98e-07 4.26e-07 60296.66 1533.37 379.85 -0.7 7617388 0.00e+00 7.93e-11 1.14e+06 9.06e-02 -3.45e+02 1.46e+02
0.156 0.0049 4.66e-07 3.98e-07 58313.91 1531.75 374.34 -0.7 7530305 0.00e+00 8.02e-11 1.15e+06 9.24e-02 -3.37e+02 1.41e+02
0.160 0.0050 4.35e-07 3.72e-07 56396.42 1530.12 368.93 -0.7 7444217 0.00e+00 8.10e-11 1.17e+06 9.42e-02 -3.30e+02 1.36e+02
0.163 0.0052 4.07e-07 3.48e-07 54545.44 1528.41 363.63 -0.8 7359114 0.00e+00 8.18e-11 1.18e+06 9.59e-02 -3.22e+02 1.32e+02
0.167 0.0054 3.80e-07 3.26e-07 52755.28 1526.69 358.44 -0.8 7274983 0.00e+00 8.25e-11 1.19e+06 9.75e-02 -3.14e+02 1.28e+02
0.171 0.0056 3.56e-07 3.04e-07 51020.75 1525.07 353.33 -0.8 7191815 0.00e+00 8.34e-11 1.20e+06 9.94e-02 -3.07e+02 1.23e+02
0.175 0.0058 3.32e-07 2.84e-07 49346.40 1523.35 348.33 -0.8 7109597 0.00e+00 8.42e-11 1.22e+06 1.01e-01 -2.99e+02 1.19e+02
0.179 0.0060 3.11e-07 2.66e-07 47727.05 1521.64 343.42 -0.8 7028319 0.00e+00 8.49e-11 1.23e+06 1.03e-01 -2.92e+02 1.16e+02
0.183 0.0062 2.91e-07 2.49e-07 46160.90 1519.92 338.61 -0.8 6947970 0.00e+00 8.57e-11 1.24e+06 1.04e-01 -2.85e+02 1.12e+02
0.188 0.0064 2.72e-07 2.33e-07 44649.00 1518.11 333.89 -0.8 6868540 0.00e+00 8.63e-11 1.25e+06 1.06e-01 -2.78e+02 1.08e+02
0.192 0.0066 2.54e-07 2.17e-07 43183.97 1516.39 329.26 -0.8 6790018 0.00e+00 8.70e-11 1.26e+06 1.07e-01 -2.71e+02 1.05e+02
0.197 0.0069 2.38e-07 2.03e-07 41769.69 1514.58 324.72 -0.8 6712393 0.00e+00 8.77e-11 1.27e+06 1.09e-01 -2.64e+02 1.01e+02
0.201 0.0071 2.22e-07 1.90e-07 40399.24 1512.86 320.26 -0.8 6635656 0.00e+00 8.84e-11 1.28e+06 1.11e-01 -2.57e+02 9.78e+01
0.206 0.0073 2.08e-07 1.78e-07 39076.28 1511.05 315.89 -0.8 6559797 0.00e+00 8.91e-11 1.29e+06 1.12e-01 -2.50e+02 9.46e+01
0.211 0.0076 1.94e-07 1.66e-07 37796.69 1509.24 311.60 -0.8 6484804 0.00e+00 8.97e-11 1.30e+06 1.13e-01 -2.44e+02 9.15e+01
0.215 0.0078 1.82e-07 1.55e-07 36559.05 1507.43 307.40 -0.9 6410669 0.00e+00 9.03e-11 1.31e+06 1.14e-01 -2.38e+02 8.85e+01
0.220 0.0081 1.70e-07 1.45e-07 35361.99 1505.61 303.27 -0.9 6337381 0.00e+00 9.10e-11 1.32e+06 1.16e-01 -2.31e+02 8.56e+01
0.226 0.0084 1.59e-07 1.36e-07 34206.35 1503.71 299.23 -0.9 6264931 0.00e+00 9.14e-11 1.33e+06 1.17e-01 -2.25e+02 8.28e+01
0.231 0.0087 1.48e-07 1.27e-07 33086.42 1501.90 295.26 -0.9 6193310 0.00e+00 9.21e-11 1.34e+06 1.18e-01 -2.19e+02 8.01e+01
0.236 0.0090 1.39e-07 1.19e-07 32005.24 1499.99 291.37 -0.9 6122507 0.00e+00 9.26e-11 1.35e+06 1.19e-01 -2.14e+02 7.75e+01
0.242 0.0093 1.30e-07 1.11e-07 30959.45 1498.08 287.55 -0.9 6052514 0.00e+00 9.30e-11 1.36e+06 1.19e-01 -2.08e+02 7.49e+01
0.247 0.0096 1.21e-07 1.04e-07 29947.87 1496.17 283.81 -0.9 5983320 0.00e+00 9.35e-11 1.37e+06 1.20e-01 -2.02e+02 7.25e+01
0.253 0.0099 1.13e-07 9.71e-08 28969.39 1494.27 280.13 -0.9 5914918 0.00e+00 9.40e-11 1.38e+06 1.21e-01 -1.97e+02 7.01e+01
0.259 0.0103 1.06e-07 9.08e-08 28022.93 1492.36 276.53 -0.9 5847298 0.00e+00 9.45e-11 1.38e+06 1.21e-01 -1.92e+02 6.78e+01
0.265 0.0106 9.92e-08 8.49e-08 27107.43 1490.45 273.00 -0.9 5780451 0.00e+00 9.49e-11 1.39e+06 1.22e-01 -1.86e+02 6.56e+01
0.271 0.0110 9.28e-08 7.94e-08 26223.57 1488.45 269.53 -0.9 5714368 0.00e+00 9.52e-11 1.40e+06 1.22e-01 -1.81e+02 6.35e+01
0.277 0.0114 8.68e-08 7.43e-08 25368.57 1486.45 266.13 -1.0 5649041 0.00e+00 9.56e-11 1.40e+06 1.22e-01 -1.76e+02 6.14e+01
0.284 0.0118 8.12e-08 6.95e-08 24539.92 1484.54 262.79 -1.0 5584460 0.00e+00 9.60e-11 1.41e+06 1.22e-01 -1.72e+02 5.94e+01
0.291 0.0122 7.59e-08 6.49e-08 23738.37 1482.63 259.51 -1.0 5520618 0.00e+00 9.64e-11 1.42e+06 1.21e-01 -1.67e+02 5.75e+01
0.297 0.0126 7.10e-08 6.07e-08 22963.04 1480.72 256.30 -1.0 5457505 0.00e+00 9.69e-11 1.43e+06 1.21e-01 -1.62e+02 5.56e+01
0.304 0.0130 6.64e-08 5.68e-08 22214.51 1478.72 253.14 -1.0 5395114 0.00e+00 9.72e-11 1.43e+06 1.21e-01 -1.58e+02 5.38e+01
0.311 0.0135 6.21e-08 5.31e-08 21489.02 1476.81 250.05 -1.0 5333436 0.00e+00 9.76e-11 1.44e+06 1.20e-01 -1.53e+02 5.20e+01
0.319 0.0139 5.81e-08 4.97e-08 20785.92 1475.00 247.01 -1.0 5272464 0.00e+00 9.82e-11 1.45e+06 1.19e-01 -1.49e+02 5.03e+01
0.326 0.0144 5.43e-08 4.64e-08 20107.16 1473.09 244.02 -1.0 5212188 0.00e+00 9.86e-11 1.46e+06 1.19e-01 -1.45e+02 4.87e+01
0.333 0.0149 5.08e-08 4.34e-08 19451.85 1471.09 241.10 -1.0 5152602 0.00e+00 9.88e-11 1.46e+06 1.17e-01 -1.41e+02 4.71e+01
0.341 0.0154 4.75e-08 4.06e-08 18815.50 1469.28 238.22 -1.0 5093696 0.00e+00 9.94e-11 1.47e+06 1.17e-01 -1.37e+02 4.55e+01
0.349 0.0160 4.44e-08 3.80e-08 18199.99 1467.47 235.40 -1.1 5035465 0.00e+00 9.99e-11 1.48e+06 1.15e-01 -1.33e+02 4.40e+01
0.357 0.0165 4.15e-08 3.55e-08 17605.79 1465.56 232.63 -1.1 4977898 0.00e+00 1.00e-10 1.49e+06 1.14e-01 -1.29e+02 4.26e+01
0.366 0.0171 3.88e-08 3.32e-08 17031.01 1463.65 229.91 -1.1 4920990 0.00e+00 1.01e-10 1.49e+06 1.12e-01 -1.26e+02 4.12e+01
0.374 0.0177 3.63e-08 3.11e-08 16473.96 1461.84 227.24 -1.1 4864733 0.00e+00 1.01e-10 1.50e+06 1.11e-01 -1.22e+02 3.99e+01
0.383 0.0183 3.39e-08 2.90e-08 15935.14 1460.03 224.61 -1.1 4809119 0.00e+00 1.02e-10 1.51e+06 1.09e-01 -1.19e+02 3.86e+01
0.392 0.0189 3.17e-08 2.72e-08 15413.98 1458.22 222.03 -1.1 4754140 0.00e+00 1.02e-10 1.52e+06 1.07e-01 -1.15e+02 3.73e+01
0.401 0.0196 2.97e-08 2.54e-08 14909.88 1456.41 219.50 -1.1 4699790 0.00e+00 1.03e-10 1.53e+06 1.05e-01 -1.12e+02 3.61e+01
0.410 0.0202 2.78e-08 2.37e-08 14421.35 1454.69 217.01 -1.1 4646061 0.00e+00 1.04e-10 1.54e+06 1.03e-01 -1.09e+02 3.49e+01
0.420 0.0209 2.59e-08 2.22e-08 13949.76 1452.88 214.56 -1.1 4592947 0.00e+00 1.04e-10 1.55e+06 1.01e-01 -1.06e+02 3.38e+01
0.429 0.0217 2.43e-08 2.08e-08 13492.72 1451.16 212.16 -1.2 4540440 0.00e+00 1.05e-10 1.56e+06 9.91e-02 -1.03e+02 3.27e+01
0.439 0.0224 2.27e-08 1.94e-08 13050.68 1449.44 209.80 -1.2 4488533 0.00e+00 1.05e-10 1.57e+06 9.69e-02 -1.00e+02 3.16e+01
0.450 0.0232 2.12e-08 1.82e-08 12623.96 1447.63 207.48 -1.2 4437219 0.00e+00 1.06e-10 1.58e+06 9.44e-02 -9.71e+01 3.06e+01
0.460 0.0240 1.98e-08 1.70e-08 12209.61 1446.01 205.19 -1.2 4386492 0.00e+00 1.07e-10 1.60e+06 9.22e-02 -9.43e+01 2.96e+01
0.471 0.0248 1.86e-08 1.59e-08 11822.92 1442.67 202.99 -1.2 4336345 0.00e+00 1.05e-10 1.57e+06 8.75e-02 -9.16e+01 2.86e+01
0.482 0.0256 1.74e-08 1.49e-08 11454.62 1438.57 200.84 -1.2 4286772 0.00e+00 1.01e-10 1.52e+06 8.21e-02 -8.88e+01 2.77e+01
0.493 0.0265 1.63e-08 1.40e-08 11097.88 1434.47 198.74 -1.2 4237765 0.00e+00 9.77e-11 1.47e+06 7.68e-02 -8.62e+01 2.69e+01
0.505 0.0274 1.53e-08 1.31e-08 10750.90 1430.56 196.66 -1.2 4189318 0.00e+00 9.47e-11 1.43e+06 7.20e-02 -8.37e+01 2.60e+01
0.516 0.0283 1.43e-08 1.23e-08 10415.54 1426.56 194.62 -1.2 4141425 0.00e+00 9.16e-11 1.38e+06 6.73e-02 -8.12e+01 2.52e+01
0.528 0.0293 1.34e-08 1.15e-08 10089.37 1422.74 192.61 -1.3 4094080 0.00e+00 8.89e-11 1.35e+06 6.30e-02 -7.87e+01 2.44e+01
0.541 0.0302 1.26e-08 1.08e-08 9793.90 1415.97 190.71 -1.3 4047276 0.00e+00 8.20e-11 1.24e+06 5.63e-02 -7.63e+01 2.37e+01
0.553 0.0311 1.19e-08 1.02e-08 9548.00 1403.19 188.99 -1.3 4001007 0.00e+00 6.80e-11 1.04e+06 4.58e-02 -7.36e+01 2.31e+01
0.566 0.0321 1.13e-08 9.65e-09 9293.11 1392.80 187.25 -1.3 3955266 0.00e+00 5.86e-11 9.00e+05 3.84e-02 -7.08e+01 2.23e+01
0.579 0.0331 1.06e-08 9.09e-09 9034.31 1384.12 185.49 -1.3 3910049 0.00e+00 5.20e-11 8.02e+05 3.23e-02 -6.62e+01 2.01e+01
0.593 0.0342 9.99e-09 8.55e-09 8773.33 1376.96 183.73 -1.3 3865349 0.00e+00 4.73e-11 7.32e+05 2.80e-02 -6.22e+01 1.83e+01
0.606 0.0353 9.41e-09 8.05e-09 8524.28 1369.14 182.02 -1.3 3821160 0.00e+00 4.25e-11 6.60e+05 2.39e-02 -5.83e+01 1.65e+01
0.621 0.0364 8.85e-09 7.57e-09 8278.50 1361.99 180.31 -1.3 3777476 0.00e+00 3.85e-11 6.01e+05 2.06e-02 -5.47e+01 1.50e+01
0.635 0.0377 8.31e-09 7.11e-09 8029.86 1356.56 178.59 -1.3 3734291 0.00e+00 3.61e-11 5.64e+05 1.84e-02 -5.18e+01 1.39e+01
0.650 0.0389 7.79e-09 6.67e-09 7781.12 1352.46 176.86 -1.3 3691600 0.00e+00 3.46e-11 5.42e+05 1.68e-02 -4.93e+01 1.29e+01
0.665 0.0402 7.30e-09 6.24e-09 7536.43 1349.02 175.15 -1.3 3649397 0.00e+00 3.36e-11 5.26e+05 1.56e-02 -4.71e+01 1.21e+01
0.680 0.0414 6.91e-09 5.91e-09 7349.48 1336.43 173.70 -1.3 3607677 0.00e+00 2.73e-11 4.32e+05 1.21e-02 -4.27e+01 1.05e+01
0.696 0.0427 6.53e-09 5.59e-09 7162.13 1324.89 172.24 -1.3 3566433 0.00e+00 2.26e-11 3.59e+05 9.56e-03 -3.89e+01 9.14e+00
0.712 0.0440 6.17e-09 5.28e-09 6972.49 1314.79 170.78 -1.3 3525661 0.00e+00 1.92e-11 3.07e+05 7.77e-03 -3.55e+01 8.05e+00
0.729 0.0454 5.82e-09 4.98e-09 6782.33 1305.82 169.31 -1.4 3485356 0.00e+00 1.66e-11 2.67e+05 6.45e-03 -3.26e+01 7.16e+00
0.746 0.0469 5.48e-09 4.69e-09 6593.30 1297.71 167.84 -1.4 3445510 0.00e+00 1.46e-11 2.35e+05 5.43e-03 -3.00e+01 6.42e+00
0.763 0.0484 5.16e-09 4.41e-09 6406.47 1290.28 166.38 -1.4 3406121 0.00e+00 1.30e-11 2.10e+05 4.66e-03 -2.77e+01 5.78e+00
0.781 0.0500 4.85e-09 4.15e-09 6221.44 1283.60 164.92 -1.4 3367182 0.00e+00 1.17e-11 1.90e+05 4.04e-03 -2.57e+01 5.24e+00
0.799 0.0516 4.56e-09 3.90e-09 6037.86 1277.78 163.45 -1.4 3328688 0.00e+00 1.07e-11 1.75e+05 3.57e-03 -2.39e+01 4.79e+00
0.818 0.0533 4.28e-09 3.66e-09 5857.19 1272.54 162.00 -1.4 3290634 0.00e+00 9.96e-12 1.63e+05 3.20e-03 -2.23e+01 4.39e+00
0.837 0.0551 4.02e-09 3.44e-09 5679.45 1267.86 160.54 -1.4 3253015 0.00e+00 9.34e-12 1.53e+05 2.61e-03 -2.09e+01 4.05e+00
0.856 0.0569 3.77e-09 3.22e-09 5505.10 1263.67 159.10 -1.4 3215826 0.00e+00 8.84e-12 1.45e+05 2.50e-03 -1.97e+01 3.76e+00
0.876 0.0588 3.53e-09 3.02e-09 5334.15 1259.95 157.66 -1.4 3179062 0.00e+00 8.44e-12 1.39e+05 2.31e-03 -1.86e+01 3.50e+00
0.896 0.0607 3.33e-09 2.85e-09 5188.24 1251.46 156.37 -1.4 3142718 0.00e+00 7.27e-12 1.20e+05 1.39e-03 -1.68e+01 3.10e+00
0.917 0.0626 3.15e-09 2.69e-09 5052.76 1241.45 155.14 -1.4 3106790 0.00e+00 6.04e-12 1.00e+05 1.01e-03 -1.49e+01 2.71e+00
0.939 0.0645 2.97e-09 2.54e-09 4918.47 1232.10 153.92 -1.5 3071273 0.00e+00 5.08e-12 8.47e+04 6.80e-04 -1.31e+01 2.37e+00
0.961 0.0665 2.80e-09 2.40e-09 4785.04 1223.52 152.69 -1.5 3036162 0.00e+00 4.33e-12 7.25e+04 3.03e-04 -1.17e+01 2.10e+00
0.983 0.0686 2.64e-09 2.26e-09 4653.63 1215.41 151.46 -1.5 3001452 0.00e+00 3.72e-12 6.26e+04 2.61e-04 -1.05e+01 1.86e+00
1.006 0.0708 2.49e-09 2.13e-09 4523.89 1207.88 150.24 -1.5 2967139 0.00e+00 3.23e-12 5.47e+04 2.55e-04 -9.72e+00 1.65e+00
1.029 0.0731 2.34e-09 2.00e-09 4396.18 1200.82 149.02 -1.5 2933218 0.00e+00 2.83e-12 4.81e+04 2.50e-04 -8.28e+00 1.48e+00
1.053 0.0755 2.21e-09 1.89e-09 4270.87 1194.15 147.80 -1.5 2899685 0.00e+00 2.50e-12 4.27e+04 2.55e-04 -7.51e+00 1.33e+00
1.078 0.0779 2.07e-09 1.78e-09 4147.93 1187.85 146.59 -1.5 2866536 0.00e+00 2.23e-12 3.81e+04 2.64e-04 -6.78e+00 1.20e+00
1.103 0.0804 1.95e-09 1.67e-09 4027.33 1181.94 145.39 -1.5 2833765 0.00e+00 2.00e-12 3.43e+04 2.73e-04 -5.93e+00 1.08e+00
1.128 0.0830 1.83e-09 1.57e-09 3909.71 1176.22 144.19 -1.5 2801369 0.00e+00 1.80e-12 3.10e+04 2.79e-04 -5.74e+00 9.79e-01
1.155 0.0855 1.74e-09 1.49e-09 3820.52 1162.87 143.23 -1.5 2769343 0.00e+00 1.33e-12 2.32e+04 2.93e-04 -4.01e+00 8.10e-01
1.181 0.0879 1.66e-09 1.42e-09 3741.30 1147.22 142.34 -1.5 2737684 0.00e+00 9.28e-13 1.62e+04 1.93e-04 -2.76e+00 6.50e-01
1.209 0.0904 1.58e-09 1.35e-09 3662.86 1132.06 141.46 -1.5 2706386 0.00e+00 6.46e-13 1.14e+04 1.22e-04 -1.79e+00 5.22e-01
1.237 0.0929 1.50e-09 1.29e-09 3584.57 1117.57 140.58 -1.5 2675446 0.00e+00 4.53e-13 8.08e+03 7.54e-05 -1.12e+00 4.20e-01
1.266 0.0956 1.43e-09 1.22e-09 3507.02 1103.55 139.70 -1.5 2644860 0.00e+00 3.19e-13 5.74e+03 4.56e-05 -6.82e-01 3.39e-01
1.295 0.0983 1.36e-09 1.16e-09 3434.11 1088.76 138.86 -1.5 2614624 0.00e+00 2.18e-13 3.95e+03 2.62e-05 -3.93e-01 2.70e-01
1.325 0.1010 1.30e-09 1.11e-09 3367.23 1072.74 138.07 -1.5 2584733 0.00e+00 1.42e-13 2.60e+03 1.41e-05 -2.11e-01 2.10e-01
1.356 0.1037 1.24e-09 1.06e-09 3301.79 1056.91 137.29 -1.5 2555184 0.00e+00 9.15e-14 1.70e+03 7.56e-06 -1.13e-01 1.62e-01
1.388 0.1066 1.18e-09 1.01e-09 3237.16 1041.46 136.52 -1.5 2525973 0.00e+00 5.91e-14 1.11e+03 4.17e-06 -6.26e-02 1.26e-01
1.420 0.1095 1.13e-09 9.66e-10 3173.90 1026.20 135.75 -1.5 2497096 0.00e+00 3.79e-14 7.16e+02 2.40e-06 -3.60e-02 9.71e-02
1.453 0.1125 1.08e-09 9.22e-10 3111.39 1011.33 134.99 -1.5 2468548 0.00e+00 2.43e-14 4.65e+02 1.50e-06 -2.26e-02 7.50e-02
1.487 0.1156 1.03e-09 8.79e-10 3050.19 996.64 134.24 -1.5 2440328 0.00e+00 1.56e-14 3.01e+02 1.06e-06 -1.59e-02 5.78e-02
1.521 0.1188 9.80e-10 8.39e-10 2989.98 982.24 133.50 -1.5 2412429 0.00e+00 1.00e-14 1.95e+02 8.45e-07 -1.27e-02 4.47e-02
1.557 0.1221 9.35e-10 8.00e-10 2931.00 968.03 132.76 -1.5 2384850 0.00e+00 6.49e-15 1.28e+02 7.34e-07 -1.10e-02 3.46e-02
1.593 0.1255 8.92e-10 7.63e-10 2872.94 954.11 132.03 -1.5 2357586 0.00e+00 4.29e-15 8.52e+01 6.67e-07 -1.00e-02 2.71e-02
1.630 0.1290 8.51e-10 7.28e-10 2815.85 940.44 131.30 -1.5 2330634 0.00e+00 2.94e-15 5.89e+01 6.24e-07 -9.37e-03 2.16e-02
1.668 0.1325 8.11e-10 6.94e-10 2759.70 927.05 130.58 -1.5 2303990 0.00e+00 2.14e-15 4.33e+01 6.04e-07 -9.07e-03 1.78e-02
1.707 0.1362 7.74e-10 6.62e-10 2704.66 913.84 129.86 -1.5 2277650 0.00e+00 1.70e-15 3.47e+01 6.11e-07 -9.17e-03 1.53e-02
1.746 0.1400 7.38e-10 6.31e-10 2650.72 900.82 129.15 -1.4 2251612 0.00e+00 1.50e-15 3.10e+01 6.51e-07 -9.77e-03 1.38e-02
1.787 0.1439 7.04e-10 6.02e-10 2597.70 888.04 128.45 -1.4 2225871 0.00e+00 1.45e-15 3.03e+01 7.25e-07 -1.09e-02 1.31e-02
1.829 0.1479 6.71e-10 5.74e-10 2545.43 875.55 127.74 -1.4 2200425 0.00e+00 1.48e-15 3.12e+01 8.27e-07 -1.24e-02 1.27e-02
1.871 0.1520 6.39e-10 5.47e-10 2494.17 863.25 127.05 -1.4 2175269 0.00e+00 1.54e-15 3.27e+01 9.52e-07 -1.43e-02 1.25e-02
1.915 0.1562 6.10e-10 5.22e-10 2444.03 851.09 126.36 -1.4 2150401 0.00e+00 1.61e-15 3.46e+01 1.10e-06 -1.65e-02 1.23e-02
1.959 0.1605 5.81e-10 4.97e-10 2394.70 839.16 125.67 -1.4 2125817 0.00e+00 1.70e-15 3.68e+01 1.27e-06 -1.91e-02 1.22e-02
2.005 0.1650 5.54e-10 4.74e-10 2346.31 827.43 124.99 -1.4 2101515 0.00e+00 1.79e-15 3.91e+01 1.47e-06 -2.20e-02 1.20e-02
2.051 0.1696 5.28e-10 4.52e-10 2298.54 815.99 124.31 -1.4 2077490 0.00e+00 1.89e-15 4.17e+01 1.69e-06 -2.54e-02 1.19e-02
2.099 0.1743 5.03e-10 4.31e-10 2251.80 804.69 123.64 -1.4 2053740 0.00e+00 2.00e-15 4.45e+01 1.95e-06 -2.93e-02 1.18e-02
2.148 0.1792 4.80e-10 4.10e-10 2206.04 793.53 122.97 -1.4 2030261 0.00e+00 2.11e-15 4.75e+01 2.25e-06 -3.38e-02 1.17e-02
2.198 0.1842 4.57e-10 3.91e-10 2161.11 782.56 122.30 -1.4 2007051 0.00e+00 2.24e-15 5.09e+01 2.60e-06 -3.90e-02 1.16e-02
2.249 0.1894 4.36e-10 3.73e-10 2116.85 771.84 121.64 -1.4 1984106 0.00e+00 2.39e-15 5.47e+01 2.99e-06 -4.49e-02 1.15e-02
2.301 0.1947 4.15e-10 3.55e-10 2073.39 761.30 120.98 -1.4 1961423 0.00e+00 2.55e-15 5.89e+01 3.45e-06 -5.18e-02 1.14e-02
2.355 0.2001 3.95e-10 3.38e-10 2030.82 750.90 120.33 -1.4 1939000 0.00e+00 2.73e-15 6.36e+01 1.31e-04 -8.10e-01 1.14e-02
2.410 0.2057 3.77e-10 3.22e-10 1988.99 740.70 119.68 -1.4 1916833 0.00e+00 2.93e-15 6.90e+01 1.31e-04 -8.10e-01 1.14e-02
2.466 0.2115 3.59e-10 3.07e-10 1948.14 730.59 119.03 -1.4 1894920 0.00e+00 3.16e-15 7.51e+01 1.31e-04 -8.10e-01 1.14e-02
2.523 0.2177 3.40e-10 2.91e-10 1902.33 722.82 118.30 -1.4 1873257 0.00e+00 3.45e-15 8.27e+01 1.31e-04 -8.10e-01 1.14e-02
2.582 0.2247 3.20e-10 2.74e-10 1848.43 718.67 117.44 -1.4 1851841 0.00e+00 3.86e-15 9.30e+01 1.31e-04 -8.10e-01 1.15e-02
2.642 0.2319 3.02e-10 2.58e-10 1796.01 714.57 116.58 -1.4 1830671 0.00e+00 4.37e-15 1.06e+02 1.31e-04 -8.10e-01 1.17e-02
2.703 0.2394 2.84e-10 2.43e-10 1745.13 710.47 115.73 -1.4 1809742 0.00e+00 4.99e-15 1.21e+02 1.31e-04 -8.10e-01 1.20e-02
2.766 0.2471 2.67e-10 2.29e-10 1695.75 706.37 114.88 -1.4 1789053 0.00e+00 5.77e-15 1.40e+02 1.31e-04 -8.10e-01 1.23e-02
2.831 0.2550 2.52e-10 2.15e-10 1647.71 702.31 114.04 -1.4 1768600 0.00e+00 6.74e-15 1.65e+02 1.31e-04 -8.10e-01 1.27e-02
2.897 0.2632 2.37e-10 2.03e-10 1600.97 698.31 113.21 -1.4 1748382 0.00e+00 7.95e-15 1.95e+02 1.31e-04 -8.10e-01 1.31e-02
2.964 0.2717 2.23e-10 1.91e-10 1555.61 694.30 112.38 -1.5 1728394 0.00e+00 9.47e-15 2.33e+02 1.31e-04 -8.10e-01 1.37e-02
3.033 0.2804 2.10e-10 1.80e-10 1511.48 690.34 111.57 -1.5 1708635 0.00e+00 1.14e-14 2.81e+02 1.31e-04 -8.10e-01 1.43e-02
3.103 0.2894 1.98e-10 1.69e-10 1468.65 686.39 110.75 -1.5 1689101 0.00e+00 1.38e-14 3.42e+02 1.31e-04 -8.10e-01 1.51e-02
3.176 0.2987 1.86e-10 1.59e-10 1427.09 682.43 109.95 -1.5 1669791 0.00e+00 1.68e-14 4.18e+02 1.31e-04 -8.10e-01 1.59e-02
3.249 0.3083 1.75e-10 1.50e-10 1386.55 678.57 109.15 -1.5 1650702 0.00e+00 2.05e-14 5.13e+02 1.31e-04 -8.10e-01 1.68e-02
3.325 0.3178 1.66e-10 1.42e-10 1350.64 672.99 108.42 -1.5 1631831 0.00e+00 2.48e-14 6.23e+02 1.31e-04 -8.10e-01 1.76e-02
3.402 0.3269 1.57e-10 1.35e-10 1321.51 664.50 107.82 -1.5 1613176 0.00e+00 2.91e-14 7.38e+02 1.31e-04 -8.10e-01 1.84e-02
3.482 0.3362 1.50e-10 1.28e-10 1293.04 656.11 107.22 -1.5 1594733 0.00e+00 3.42e-14 8.75e+02 1.31e-04 -8.10e-01 1.92e-02
3.563 0.3458 1.43e-10 1.22e-10 1265.19 647.81 106.63 -1.5 1576502 0.00e+00 4.02e-14 1.04e+03 1.31e-04 -8.10e-01 2.00e-02
3.645 0.3557 1.36e-10 1.16e-10 1237.97 639.61 106.04 -1.5 1558479 0.00e+00 4.73e-14 1.23e+03 1.31e-04 -8.10e-01 2.09e-02
3.730 0.3658 1.29e-10 1.10e-10 1211.26 631.55 105.45 -1.5 1540663 0.00e+00 5.56e-14 1.46e+03 1.31e-04 -8.10e-01 2.17e-02
3.817 0.3762 1.23e-10 1.05e-10 1185.49 623.40 104.88 -1.5 1523050 0.00e+00 6.52e-14 1.73e+03 1.31e-04 -8.10e-01 2.27e-02
3.906 0.3869 1.17e-10 1.00e-10 1160.21 615.39 104.30 -1.5 1505638 0.00e+00 7.65e-14 2.04e+03 1.31e-04 -8.10e-01 2.36e-02
3.997 0.3979 1.11e-10 9.51e-11 1135.47 607.47 103.73 -1.5 1488425 0.00e+00 8.96e-14 2.41e+03 1.31e-04 -8.10e-01 2.46e-02
4.090 0.4092 1.06e-10 9.05e-11 1111.28 599.65 103.17 -1.5 1471409 0.00e+00 1.05e-13 2.85e+03 1.31e-04 -8.10e-01 2.56e-02
4.185 0.4208 1.01e-10 8.61e-11 1087.61 591.93 102.61 -1.5 1454588 0.00e+00 1.22e-13 3.36e+03 1.31e-04 -8.10e-01 2.66e-02
4.282 0.4328 9.58e-11 8.20e-11 1064.28 584.39 102.04 -1.5 1437959 0.00e+00 1.43e-13 3.96e+03 1.31e-04 -8.10e-01 2.76e-02
4.382 0.4452 9.11e-11 7.80e-11 1041.45 576.95 101.49 -1.5 1421520 0.00e+00 1.67e-13 4.65e+03 1.31e-04 -8.10e-01 2.87e-02
4.484 0.4578 8.67e-11 7.42e-11 1019.11 569.61 100.93 -1.5 1405269 0.00e+00 1.94e-13 5.46e+03 1.31e-04 -8.10e-01 2.98e-02
4.588 0.4709 8.25e-11 7.06e-11 997.25 562.36 100.38 -1.5 1389204 0.00e+00 2.26e-13 6.41e+03 1.31e-04 -8.10e-01 3.09e-02
4.695 0.4843 7.85e-11 6.72e-11 975.85 555.21 99.83 -1.5 1373322 0.00e+00 2.62e-13 7.50e+03 1.31e-04 -8.10e-01 3.20e-02
4.804 0.4981 7.47e-11 6.39e-11 954.90 548.15 99.28 -1.5 1357622 0.00e+00 3.04e-13 8.77e+03 1.31e-04 -8.10e-01 3.31e-02
4.916 0.5123 7.10e-11 6.08e-11 934.22 541.29 98.74 -1.5 1342102 0.00e+00 3.52e-13 1.02e+04 1.31e-04 -8.10e-01 3.43e-02
5.030 0.5270 6.76e-11 5.78e-11 914.06 534.47 98.19 -1.5 1326759 0.00e+00 4.06e-13 1.19e+04 1.31e-04 -8.10e-01 3.55e-02
5.147 0.5420 6.43e-11 5.50e-11 894.32 527.74 97.65 -1.5 1311591 0.00e+00 4.69e-13 1.39e+04 1.31e-04 -8.10e-01 3.66e-02
5.267 0.5575 6.11e-11 5.23e-11 874.99 521.12 97.12 -1.5 1296597 0.00e+00 5.40e-13 1.61e+04 1.31e-04 -8.10e-01 3.78e-02
5.389 0.5734 5.82e-11 4.98e-11 856.05 514.58 96.58 -1.5 1281774 0.00e+00 6.21e-13 1.87e+04 1.31e-04 -8.10e-01 3.90e-02
5.515 0.5899 5.53e-11 4.73e-11 837.43 508.19 96.05 -1.4 1267120 0.00e+00 7.13e-13 2.17e+04 1.31e-04 -8.10e-01 4.02e-02
5.643 0.6068 5.26e-11 4.50e-11 819.26 501.85 95.52 -1.4 1252634 0.00e+00 8.17e-13 2.50e+04 1.31e-04 -8.10e-01 4.13e-02
5.774 0.6241 5.00e-11 4.28e-11 801.45 495.60 94.99 -1.4 1238314 0.00e+00 9.35e-13 2.89e+04 1.31e-04 -8.10e-01 4.25e-02
5.908 0.6420 4.76e-11 4.07e-11 784.01 489.45 94.47 -1.4 1224157 0.00e+00 1.07e-12 3.33e+04 1.31e-04 -8.10e-01 4.37e-02
6.046 0.6604 4.52e-11 3.87e-11 766.92 483.40 93.95 -1.4 1210163 0.00e+00 1.22e-12 3.83e+04 1.31e-04 -8.10e-01 4.49e-02
6.187 0.6793 4.30e-11 3.68e-11 750.24 477.39 93.43 -1.4 1196328 0.00e+00 1.39e-12 4.40e+04 1.31e-04 -8.10e-01 4.61e-02
6.330 0.6988 4.09e-11 3.50e-11 733.83 471.51 92.91 -1.4 1182651 0.00e+00 1.58e-12 5.05e+04 1.31e-04 -8.10e-01 4.72e-02
6.478 0.7189 3.89e-11 3.33e-11 717.77 465.72 92.39 -1.4 1169131 0.00e+00 1.79e-12 5.78e+04 1.31e-04 -8.10e-01 4.84e-02
6.628 0.7396 3.70e-11 3.16e-11 702.06 460.00 91.88 -1.4 1155765 0.00e+00 2.03e-12 6.61e+04 1.31e-04 -8.11e-01 4.95e-02
6.783 0.7608 3.52e-11 3.01e-11 686.69 454.35 91.37 -1.4 1142553 0.00e+00 2.30e-12 7.54e+04 1.33e-04 -8.11e-01 5.07e-02
6.940 0.7826 3.34e-11 2.86e-11 671.69 448.74 90.87 -1.4 1129491 0.00e+00 2.60e-12 8.59e+04 1.33e-04 -8.12e-01 5.18e-02
7.102 0.8073 3.15e-11 2.70e-11 653.40 445.67 90.24 -1.4 1116578 0.00e+00 3.01e-12 9.99e+04 1.35e-04 -8.15e-01 5.33e-02
7.267 0.8341 2.96e-11 2.53e-11 633.51 444.07 89.54 -1.5 1103813 0.00e+00 3.53e-12 1.17e+05 1.38e-04 -8.19e-01 5.50e-02
7.436 0.8619 2.78e-11 2.38e-11 614.21 442.50 88.85 -1.5 1091194 0.00e+00 4.13e-12 1.38e+05 1.42e-04 -8.23e-01 5.66e-02
7.609 0.8905 2.61e-11 2.23e-11 595.54 440.90 88.17 -1.5 1078720 0.00e+00 4.81e-12 1.61e+05 1.44e-04 -8.26e-01 5.83e-02
7.786 0.9201 2.44e-11 2.09e-11 577.40 439.33 87.48 -1.5 1066388 0.00e+00 5.59e-12 1.87e+05 1.48e-04 -8.28e-01 5.99e-02
7.967 0.9507 2.29e-11 1.96e-11 559.83 437.75 86.81 -1.5 1054197 0.00e+00 6.49e-12 2.18e+05 1.54e-04 -8.30e-01 6.14e-02
8.153 0.9823 2.15e-11 1.84e-11 542.77 436.20 86.14 -1.5 1042145 0.00e+00 7.50e-12 2.53e+05 1.58e-04 -8.31e-01 6.30e-02
8.342 1.0150 2.02e-11 1.73e-11 526.27 434.63 85.48 -1.5 1030231 0.00e+00 8.66e-12 2.92e+05 1.60e-04 -8.31e-01 6.45e-02
8.536 1.0487 1.90e-11 1.62e-11 510.24 433.08 84.82 -1.5 1018453 0.00e+00 9.96e-12 3.37e+05 1.64e-04 -8.31e-01 6.59e-02
8.735 1.0836 1.78e-11 1.52e-11 494.71 431.53 84.16 -1.5 1006810 0.00e+00 1.14e-11 3.88e+05 1.67e-04 -8.30e-01 6.73e-02
8.938 1.1196 1.67e-11 1.43e-11 479.66 429.98 83.51 -1.6 995300 0.00e+00 1.31e-11 4.45e+05 1.71e-04 -8.28e-01 6.87e-02
9.146 1.1568 1.57e-11 1.34e-11 465.05 428.45 82.87 -1.6 983922 0.00e+00 1.50e-11 5.10e+05 1.75e-04 -8.27e-01 7.00e-02
9.359 1.1953 1.47e-11 1.26e-11 450.89 426.93 82.23 -1.6 972673 0.00e+00 1.71e-11 5.84e+05 1.79e-04 -8.25e-01 7.12e-02
9.576 1.2350 1.38e-11 1.18e-11 437.16 425.40 81.59 -1.6 961554 0.00e+00 1.95e-11 6.66e+05 1.83e-04 -8.22e-01 7.24e-02
9.799 1.2761 1.29e-11 1.11e-11 423.86 423.88 80.97 -1.6 950561 0.00e+00 2.21e-11 7.59e+05 1.86e-04 -8.19e-01 7.35e-02
10.027 1.3185 1.21e-11 1.04e-11 410.97 422.35 80.34 -1.6 939694 0.00e+00 2.51e-11 8.62e+05 1.90e-04 -8.15e-01 7.46e-02
10.260 1.3623 1.14e-11 9.75e-12 398.45 420.85 79.72 -1.6 928951 0.00e+00 2.84e-11 9.78e+05 1.94e-04 -8.11e-01 7.56e-02
10.499 1.4076 1.07e-11 9.15e-12 386.32 419.35 79.11 -1.7 918331 0.00e+00 3.20e-11 1.11e+06 1.98e-04 -8.06e-01 7.66e-02
10.743 1.4544 1.00e-11 8.58e-12 374.56 417.84 78.50 -1.7 907833 0.00e+00 3.61e-11 1.25e+06 2.01e-04 -8.01e-01 7.75e-02
10.993 1.5011 9.45e-12 8.08e-12 363.96 415.44 77.94 -1.7 897454 0.00e+00 4.04e-11 1.40e+06 2.05e-04 -7.95e-01 7.83e-02
11.249 1.5459 8.95e-12 7.66e-12 355.21 411.24 77.46 -1.7 887195 0.00e+00 4.44e-11 1.56e+06 2.08e-04 -7.88e-01 7.88e-02
11.511 1.5921 8.48e-12 7.26e-12 346.66 407.09 76.99 -1.7 877052 0.00e+00 4.89e-11 1.72e+06 2.11e-04 -7.81e-01 7.92e-02
11.778 1.6397 8.04e-12 6.88e-12 338.32 402.99 76.52 -1.7 867025 0.00e+00 5.37e-11 1.90e+06 2.13e-04 -7.73e-01 7.97e-02
12.052 1.6886 7.62e-12 6.52e-12 330.18 398.91 76.06 -1.7 857114 0.00e+00 5.55e-11 1.98e+06 2.04e-04 -7.52e-01 7.77e-02
12.333 1.7390 7.22e-12 6.18e-12 322.24 394.88 75.60 -1.7 847315 0.00e+00 5.02e-11 1.81e+06 1.76e-04 -7.02e-01 7.09e-02
12.620 1.7909 6.84e-12 5.85e-12 314.49 390.90 75.14 -1.7 837628 0.00e+00 4.68e-11 1.70e+06 1.55e-04 -6.62e-01 6.57e-02
12.913 1.8433 6.49e-12 5.56e-12 307.29 386.49 74.70 -1.7 828052 0.00e+00 4.39e-11 1.60e+06 1.37e-04 -6.24e-01 6.11e-02
13.214 1.8960 6.18e-12 5.29e-12 300.64 381.65 74.29 -1.7 818586 0.00e+00 4.13e-11 1.52e+06 1.22e-04 -5.90e-01 5.70e-02
13.521 1.9503 5.87e-12 5.03e-12 294.10 376.91 73.89 -1.7 809228 0.00e+00 3.96e-11 1.47e+06 1.11e-04 -5.61e-01 5.36e-02
13.835 2.0062 5.59e-12 4.78e-12 287.72 372.21 73.48 -1.7 799977 0.00e+00 3.85e-11 1.44e+06 9.80e-05 -5.35e-01 5.09e-02
14.157 2.0636 5.31e-12 4.55e-12 281.48 367.56 73.08 -1.7 790831 0.00e+00 3.79e-11 1.43e+06 9.42e-05 -5.13e-01 4.85e-02
14.487 2.1226 5.05e-12 4.32e-12 275.36 362.98 72.68 -1.7 781790 0.00e+00 3.76e-11 1.43e+06 8.94e-05 -4.93e-01 4.65e-02
14.824 2.1833 4.81e-12 4.11e-12 269.41 358.43 72.28 -1.7 772853 0.00e+00 3.75e-11 1.44e+06 8.45e-05 -4.74e-01 4.46e-02
15.168 2.2458 4.57e-12 3.91e-12 263.57 353.95 71.89 -1.7 764017 0.00e+00 3.77e-11 1.46e+06 8.03e-05 -4.58e-01 4.30e-02
15.521 2.3100 4.35e-12 3.72e-12 257.86 349.51 71.49 -1.7 755283 0.00e+00 3.81e-11 1.49e+06 6.36e-05 -4.42e-01 4.16e-02
15.882 2.3760 4.14e-12 3.54e-12 252.28 345.13 71.10 -1.7 746648 0.00e+00 3.87e-11 1.52e+06 6.60e-05 -4.28e-01 4.03e-02
16.252 2.4439 3.93e-12 3.37e-12 246.83 340.79 70.71 -1.7 738113 0.00e+00 3.94e-11 1.56e+06 6.73e-05 -4.15e-01 3.91e-02
16.630 2.5136 3.74e-12 3.20e-12 241.51 336.50 70.33 -1.7 729674 0.00e+00 4.02e-11 1.61e+06 6.43e-05 -4.03e-01 3.80e-02
17.017 2.5854 3.56e-12 3.05e-12 236.30 332.25 69.95 -1.7 721333 0.00e+00 4.12e-11 1.66e+06 6.54e-05 -3.92e-01 3.70e-02
17.413 2.6591 3.39e-12 2.90e-12 231.22 328.03 69.57 -1.7 713086 0.00e+00 4.23e-11 1.72e+06 6.01e-05 -3.81e-01 3.61e-02
17.818 2.7350 3.22e-12 2.76e-12 226.24 323.88 69.19 -1.7 704934 0.00e+00 4.35e-11 1.79e+06 5.90e-05 -3.70e-01 3.52e-02
18.232 2.8130 3.07e-12 2.62e-12 221.38 319.78 68.81 -1.7 696875 0.00e+00 4.49e-11 1.86e+06 5.74e-05 -3.61e-01 3.44e-02
18.656 2.8932 2.92e-12 2.50e-12 216.62 315.73 68.44 -1.7 688909 0.00e+00 4.63e-11 1.94e+06 5.59e-05 -3.51e-01 3.36e-02
19.090 2.9754 2.78e-12 2.37e-12 211.99 311.68 68.07 -1.7 681033 0.00e+00 4.79e-11 2.02e+06 5.45e-05 -3.43e-01 3.28e-02
19.534 3.0600 2.64e-12 2.26e-12 207.47 307.67 67.71 -1.7 673247 0.00e+00 4.96e-11 2.11e+06 5.32e-05 -3.34e-01 3.21e-02
19.989 3.1471 2.51e-12 2.15e-12 203.03 303.74 67.34 -1.6 665551 0.00e+00 5.14e-11 2.20e+06 5.21e-05 -3.26e-01 3.15e-02
20.454 3.2365 2.39e-12 2.05e-12 198.71 299.83 66.98 -1.6 657942 0.00e+00 5.33e-11 2.30e+06 5.10e-05 -3.18e-01 3.08e-02
20.930 3.3286 2.28e-12 1.95e-12 194.46 295.99 66.62 -1.6 650420 0.00e+00 5.53e-11 2.41e+06 5.01e-05 -3.11e-01 3.02e-02
21.416 3.4255 2.16e-12 1.85e-12 190.05 292.58 66.24 -1.6 642984 0.00e+00 5.79e-11 2.54e+06 4.93e-05 -3.04e-01 2.97e-02
21.915 3.5257 2.05e-12 1.76e-12 185.70 289.29 65.85 -1.6 635634 0.00e+00 6.07e-11 2.68e+06 4.97e-05 -2.98e-01 2.92e-02
22.424 3.6291 1.95e-12 1.67e-12 181.42 286.07 65.47 -1.6 628367 0.00e+00 6.37e-11 2.84e+06 4.71e-05 -2.91e-01 2.87e-02
22.946 3.7353 1.85e-12 1.58e-12 177.26 282.85 65.09 -1.6 621184 0.00e+00 6.68e-11 3.00e+06 4.76e-05 -2.85e-01 2.82e-02
23.480 3.8448 1.75e-12 1.50e-12 173.18 279.70 64.72 -1.6 614082 0.00e+00 7.01e-11 3.17e+06 4.67e-05 -2.79e-01 2.78e-02
24.026 3.9573 1.67e-12 1.43e-12 169.21 276.56 64.34 -1.6 607062 0.00e+00 7.36e-11 3.35e+06 4.69e-05 -2.74e-01 2.73e-02
24.585 4.0735 1.58e-12 1.35e-12 165.30 273.51 63.97 -1.6 600122 0.00e+00 7.73e-11 3.55e+06 4.53e-05 -2.68e-01 2.69e-02
25.157 4.1930 1.50e-12 1.28e-12 161.48 270.48 63.59 -1.6 593261 0.00e+00 8.13e-11 3.76e+06 4.57e-05 -2.63e-01 2.65e-02
25.742 4.3162 1.42e-12 1.22e-12 157.75 267.50 63.22 -1.6 586479 0.00e+00 8.55e-11 3.98e+06 4.51e-05 -2.57e-01 2.61e-02
26.341 4.4430 1.35e-12 1.16e-12 154.10 264.54 62.85 -1.6 579774 0.00e+00 8.99e-11 4.22e+06 4.45e-05 -2.52e-01 2.57e-02
26.954 4.5735 1.28e-12 1.10e-12 150.53 261.63 62.49 -1.7 573146 0.00e+00 9.46e-11 4.47e+06 4.40e-05 -2.47e-01 2.53e-02
27.581 4.7079 1.22e-12 1.04e-12 147.05 258.75 62.12 -1.7 566594 0.00e+00 9.95e-11 4.74e+06 4.35e-05 -2.42e-01 2.49e-02
28.222 4.8436 1.16e-12 9.90e-13 143.80 255.62 61.77 -1.6 560116 0.00e+00 1.04e-10 5.00e+06 4.30e-05 -2.38e-01 2.45e-02
28.879 4.9791 1.10e-12 9.43e-13 140.85 252.12 61.46 -1.6 553713 0.00e+00 1.09e-10 5.26e+06 4.23e-05 -2.32e-01 2.41e-02
29.551 5.1184 1.05e-12 8.99e-13 137.97 248.66 61.14 -1.6 547383 0.00e+00 1.13e-10 5.53e+06 4.17e-05 -2.28e-01 2.37e-02
30.238 5.2618 1.00e-12 8.56e-13 135.13 245.28 60.82 -1.6 541125 0.00e+00 1.18e-10 5.82e+06 4.11e-05 -2.23e-01 2.33e-02
30.941 5.4090 9.53e-13 8.16e-13 132.36 241.92 60.51 -1.6 534939 0.00e+00 1.23e-10 6.13e+06 4.05e-05 -2.18e-01 2.29e-02
31.661 5.5601 9.09e-13 7.77e-13 129.67 238.58 60.20 -1.6 528823 0.00e+00 1.28e-10 6.45e+06 4.01e-05 -2.14e-01 2.25e-02
32.398 5.7146 8.66e-13 7.41e-13 127.06 235.22 59.89 -1.6 522778 0.00e+00 1.34e-10 6.79e+06 3.93e-05 -2.09e-01 2.21e-02
33.151 5.8737 8.26e-13 7.06e-13 124.49 231.93 59.59 -1.6 516801 0.00e+00 1.40e-10 7.15e+06 3.92e-05 -2.05e-01 2.18e-02
33.922 6.0370 7.87e-13 6.74e-13 121.98 228.68 59.28 -1.6 510893 0.00e+00 1.46e-10 7.53e+06 3.80e-05 -2.01e-01 2.14e-02
34.712 6.2049 7.50e-13 6.42e-13 119.52 225.47 58.98 -1.6 505053 0.00e+00 1.52e-10 7.93e+06 3.77e-05 -1.97e-01 2.11e-02
35.519 6.3770 7.16e-13 6.12e-13 117.13 222.28 58.69 -1.6 499279 0.00e+00 1.59e-10 8.35e+06 3.79e-05 -1.93e-01 2.07e-02
36.345 6.5532 6.83e-13 5.84e-13 114.81 219.08 58.39 -1.6 493571 0.00e+00 1.66e-10 8.80e+06 3.75e-05 -1.89e-01 2.04e-02
37.191 6.7343 6.51e-13 5.57e-13 112.53 215.93 58.10 -1.6 487928 0.00e+00 1.73e-10 9.27e+06 3.71e-05 -1.85e-01 2.01e-02
38.056 6.9203 6.21e-13 5.31e-13 110.30 212.82 57.81 -1.6 482350 0.00e+00 1.80e-10 9.76e+06 3.67e-05 -1.81e-01 1.98e-02
38.941 7.1116 5.92e-13 5.07e-13 108.11 209.77 57.52 -1.6 476836 0.00e+00 1.88e-10 1.03e+07 3.64e-05 -1.77e-01 1.94e-02
39.847 7.3070 5.65e-13 4.84e-13 106.00 206.70 57.24 -1.6 471385 0.00e+00 1.96e-10 1.08e+07 3.62e-05 -1.73e-01 1.91e-02
40.774 7.5076 5.39e-13 4.61e-13 103.94 203.66 56.96 -1.6 465996 0.00e+00 2.05e-10 1.14e+07 3.57e-05 -1.70e-01 1.88e-02
41.723 7.7136 5.15e-13 4.40e-13 101.92 200.65 56.68 -1.6 460669 0.00e+00 2.14e-10 1.20e+07 3.54e-05 -1.67e-01 1.85e-02
42.693 7.9253 4.91e-13 4.20e-13 99.93 197.69 56.40 -1.6 455402 0.00e+00 2.23e-10 1.27e+07 3.51e-05 -1.64e-01 1.83e-02
43.686 8.1426 4.69e-13 4.01e-13 97.99 194.77 56.13 -1.6 450196 0.00e+00 2.33e-10 1.34e+07 3.48e-05 -1.60e-01 1.80e-02
44.703 8.3644 4.48e-13 3.83e-13 96.12 191.83 55.86 -1.6 445049 0.00e+00 2.43e-10 1.41e+07 3.45e-05 -1.57e-01 1.77e-02
45.742 8.5923 4.28e-13 3.66e-13 94.29 188.93 55.59 -1.6 439961 0.00e+00 2.53e-10 1.48e+07 3.42e-05 -1.54e-01 1.74e-02
46.806 8.8266 4.08e-13 3.49e-13 92.49 186.08 55.32 -1.5 434932 0.00e+00 2.64e-10 1.56e+07 3.40e-05 -1.51e-01 1.72e-02
47.895 9.0670 3.90e-13 3.34e-13 90.72 183.27 55.05 -1.5 429959 0.00e+00 2.76e-10 1.64e+07 3.37e-05 -1.48e-01 1.69e-02
49.009 9.3132 3.72e-13 3.19e-13 89.01 180.47 54.79 -1.5 425044 0.00e+00 2.88e-10 1.73e+07 3.35e-05 -1.45e-01 1.67e-02
50.150 9.5653 3.56e-13 3.04e-13 87.34 177.68 54.53 -1.5 420185 0.00e+00 3.00e-10 1.83e+07 3.32e-05 -1.42e-01 1.64e-02
51.316 9.8243 3.40e-13 2.91e-13 85.70 174.94 54.28 -1.5 415381 0.00e+00 3.13e-10 1.92e+07 3.30e-05 -1.39e-01 1.62e-02
52.510 10.0902 3.25e-13 2.78e-13 84.09 172.23 54.02 -1.5 410633 0.00e+00 3.26e-10 2.03e+07 3.28e-05 -1.36e-01 1.59e-02
53.731 10.3630 3.10e-13 2.65e-13 82.52 169.56 53.77 -1.5 405938 0.00e+00 3.40e-10 2.14e+07 3.26e-05 -1.34e-01 1.57e-02
54.981 10.6415 2.97e-13 2.54e-13 81.01 166.88 53.52 -1.5 401297 0.00e+00 3.55e-10 2.25e+07 3.24e-05 -1.31e-01 1.54e-02
56.260 10.9277 2.83e-13 2.43e-13 79.51 164.24 53.27 -1.5 396710 0.00e+00 3.70e-10 2.37e+07 3.22e-05 -1.28e-01 1.52e-02
57.569 11.2214 2.71e-13 2.32e-13 78.05 161.65 53.02 -1.5 392175 0.00e+00 3.86e-10 2.50e+07 3.20e-05 -1.26e-01 1.50e-02
58.908 11.5232 2.59e-13 2.22e-13 76.62 159.10 52.78 -1.5 387691 0.00e+00 4.02e-10 2.63e+07 3.18e-05 -1.23e-01 1.48e-02
60.279 11.8311 2.48e-13 2.12e-13 75.23 156.53 52.54 -1.5 383259 0.00e+00 4.19e-10 2.77e+07 3.16e-05 -1.21e-01 1.46e-02
61.681 12.1475 2.37e-13 2.03e-13 73.87 154.02 52.30 -1.5 378878 0.00e+00 4.37e-10 2.92e+07 3.15e-05 -1.18e-01 1.43e-02
63.116 12.4723 2.27e-13 1.94e-13 72.53 151.54 52.06 -1.5 374546 0.00e+00 4.56e-10 3.07e+07 3.13e-05 -1.16e-01 1.41e-02
64.584 12.8055 2.17e-13 1.85e-13 71.22 149.09 51.82 -1.5 370264 0.00e+00 4.77e-10 3.25e+07 3.13e-05 -1.14e-01 1.39e-02
66.086 13.1463 2.07e-13 1.77e-13 69.95 146.66 51.59 -1.4 366031 0.00e+00 5.01e-10 3.45e+07 3.14e-05 -1.12e-01 1.38e-02
67.624 13.4961 1.98e-13 1.70e-13 68.70 144.27 51.36 -1.4 361847 0.00e+00 5.27e-10 3.67e+07 3.15e-05 -1.10e-01 1.37e-02
69.197 13.8550 1.90e-13 1.62e-13 67.47 141.91 51.13 -1.4 357710 0.00e+00 5.54e-10 3.90e+07 3.16e-05 -1.08e-01 1.35e-02
70.806 14.2233 1.82e-13 1.55e-13 66.27 139.58 50.90 -1.4 353621 0.00e+00 5.83e-10 4.14e+07 3.17e-05 -1.06e-01 1.34e-02
72.454 14.6272 1.73e-13 1.48e-13 64.86 137.78 50.62 -1.4 349578 0.00e+00 6.16e-10 4.42e+07 3.18e-05 -1.04e-01 1.33e-02
74.139 15.0966 1.63e-13 1.39e-13 63.02 136.98 50.26 -1.4 345582 0.00e+00 6.60e-10 4.75e+07 3.19e-05 -1.03e-01 1.31e-02
75.864 15.5802 1.53e-13 1.31e-13 61.25 136.17 49.90 -1.4 341631 0.00e+00 7.07e-10 5.11e+07 3.20e-05 -1.01e-01 1.29e-02
77.628 16.0782 1.44e-13 1.23e-13 59.53 135.35 49.55 -1.4 337725 0.00e+00 7.57e-10 5.49e+07 3.22e-05 -9.88e-02 1.28e-02
79.434 16.5918 1.36e-13 1.16e-13 57.87 134.53 49.20 -1.5 333864 0.00e+00 8.10e-10 5.90e+07 3.23e-05 -9.72e-02 1.26e-02
81.282 17.1200 1.28e-13 1.10e-13 56.26 133.68 48.85 -1.5 330048 0.00e+00 8.66e-10 6.33e+07 3.24e-05 -9.54e-02 1.25e-02
83.173 17.6647 1.21e-13 1.03e-13 54.70 132.83 48.51 -1.5 326274 0.00e+00 9.26e-10 6.80e+07 3.25e-05 -9.37e-02 1.24e-02
85.108 18.2263 1.14e-13 9.73e-14 53.18 131.99 48.17 -1.5 322544 0.00e+00 9.90e-10 7.30e+07 3.26e-05 -9.20e-02 1.22e-02
87.087 18.8045 1.07e-13 9.17e-14 51.71 131.13 47.84 -1.5 318857 0.00e+00 1.06e-09 7.83e+07 3.27e-05 -9.04e-02 1.21e-02
89.113 19.3998 1.01e-13 8.64e-14 50.29 130.26 47.50 -1.5 315212 0.00e+00 1.13e-09 8.40e+07 3.28e-05 -8.87e-02 1.19e-02
91.186 20.0134 9.52e-14 8.15e-14 48.92 129.39 47.18 -1.5 311608 0.00e+00 1.21e-09 9.00e+07 3.29e-05 -8.71e-02 1.18e-02
93.308 20.6317 9.00e-14 7.70e-14 47.64 128.34 46.87 -1.5 308046 0.00e+00 1.28e-09 9.64e+07 3.30e-05 -8.55e-02 1.16e-02
95.478 21.2464 8.53e-14 7.30e-14 46.50 127.03 46.58 -1.5 304524 0.00e+00 1.36e-09 1.03e+08 3.32e-05 -8.39e-02 1.15e-02
97.699 21.8824 8.08e-14 6.91e-14 45.38 125.76 46.30 -1.5 301043 0.00e+00 1.45e-09 1.10e+08 3.33e-05 -8.24e-02 1.13e-02
99.972 22.5384 7.65e-14 6.55e-14 44.28 124.52 46.02 -1.5 297601 0.00e+00 1.53e-09 1.17e+08 3.34e-05 -8.08e-02 1.12e-02
102.298 23.2164 7.25e-14 6.20e-14 43.19 123.32 45.73 -1.5 294199 0.00e+00 1.63e-09 1.25e+08 3.36e-05 -7.93e-02 1.11e-02
104.677 23.9171 6.86e-14 5.87e-14 42.13 122.15 45.45 -1.5 290836 0.00e+00 1.73e-09 1.34e+08 3.37e-05 -7.78e-02 1.09e-02
107.112 24.6402 6.50e-14 5.56e-14 41.08 121.01 45.16 -1.5 287511 0.00e+00 1.84e-09 1.43e+08 3.38e-05 -7.64e-02 1.08e-02
109.604 25.3601 6.17e-14 5.28e-14 40.15 119.64 44.90 -1.5 284224 0.00e+00 1.94e-09 1.52e+08 3.40e-05 -7.49e-02 1.07e-02
112.154 26.0351 5.90e-14 5.05e-14 39.43 117.68 44.70 -1.5 280975 0.00e+00 2.04e-09 1.61e+08 3.41e-05 -7.35e-02 1.06e-02
114.763 26.7275 5.64e-14 4.83e-14 38.72 115.76 44.50 -1.5 277763 0.00e+00 2.14e-09 1.71e+08 3.43e-05 -7.21e-02 1.04e-02
117.432 27.4388 5.40e-14 4.62e-14 38.03 113.87 44.30 -1.5 274587 0.00e+00 2.24e-09 1.81e+08 3.44e-05 -7.07e-02 1.03e-02
120.164 28.1689 5.17e-14 4.42e-14 37.35 112.01 44.10 -1.5 271448 0.00e+00 2.35e-09 1.92e+08 3.46e-05 -6.94e-02 1.02e-02
122.959 28.9160 4.94e-14 4.23e-14 36.69 110.16 43.90 -1.5 268345 0.00e+00 2.46e-09 2.04e+08 3.48e-05 -6.81e-02 1.01e-02
125.820 29.6837 4.73e-14 4.05e-14 36.04 108.35 43.71 -1.5 265277 0.00e+00 2.58e-09 2.16e+08 3.49e-05 -6.67e-02 9.96e-03
128.746 30.4717 4.53e-14 3.87e-14 35.40 106.57 43.51 -1.5 262244 0.00e+00 2.71e-09 2.28e+08 3.51e-05 -6.55e-02 9.85e-03
131.741 31.2807 4.33e-14 3.71e-14 34.77 104.82 43.32 -1.5 259246 0.00e+00 2.84e-09 2.42e+08 3.53e-05 -6.42e-02 9.73e-03
134.806 32.1105 4.14e-14 3.55e-14 34.16 103.09 43.12 -1.5 256283 0.00e+00 2.97e-09 2.56e+08 3.54e-05 -6.30e-02 9.62e-03
137.942 32.9614 3.97e-14 3.39e-14 33.55 101.38 42.93 -1.4 253353 0.00e+00 3.12e-09 2.71e+08 3.56e-05 -6.17e-02 9.51e-03
141.151 33.8353 3.80e-14 3.25e-14 32.96 99.71 42.74 -1.4 250456 0.00e+00 3.26e-09 2.87e+08 3.58e-05 -6.05e-02 9.40e-03
144.434 34.7326 3.63e-14 3.11e-14 32.38 98.06 42.55 -1.4 247593 0.00e+00 3.42e-09 3.04e+08 3.60e-05 -5.94e-02 9.29e-03
147.794 35.6520 3.48e-14 2.97e-14 31.81 96.44 42.36 -1.4 244763 0.00e+00 3.58e-09 3.22e+08 3.61e-05 -5.82e-02 9.18e-03
151.232 36.5964 3.33e-14 2.85e-14 31.25 94.84 42.18 -1.4 241965 0.00e+00 3.75e-09 3.41e+08 3.63e-05 -5.71e-02 9.07e-03
154.750 37.5652 3.18e-14 2.72e-14 30.70 93.26 41.99 -1.4 239198 0.00e+00 3.93e-09 3.61e+08 3.65e-05 -5.60e-02 8.97e-03
158.350 38.5604 3.05e-14 2.61e-14 30.15 91.72 41.80 -1.4 236464 0.00e+00 4.12e-09 3.82e+08 3.67e-05 -5.49e-02 8.86e-03
162.034 39.5816 2.92e-14 2.49e-14 29.62 90.20 41.62 -1.4 233761 0.00e+00 4.32e-09 4.04e+08 3.69e-05 -5.38e-02 8.76e-03
165.803 40.6282 2.79e-14 2.39e-14 29.10 88.70 41.43 -1.4 231088 0.00e+00 4.52e-09 4.28e+08 3.71e-05 -5.27e-02 8.66e-03
169.660 41.7051 2.67e-14 2.28e-14 28.59 87.23 41.25 -1.4 228446 0.00e+00 4.74e-09 4.53e+08 3.73e-05 -5.17e-02 8.55e-03
173.607 42.8088 2.56e-14 2.19e-14 28.09 85.78 41.07 -1.4 225835 0.00e+00 4.96e-09 4.79e+08 3.75e-05 -5.07e-02 8.45e-03
177.645 43.9418 2.45e-14 2.09e-14 27.59 84.36 40.88 -1.4 223253 0.00e+00 5.19e-09 5.07e+08 3.77e-05 -4.97e-02 8.35e-03
181.778 45.1048 2.34e-14 2.00e-14 27.11 82.96 40.70 -1.4 220701 0.00e+00 5.44e-09 5.37e+08 3.79e-05 -4.87e-02 8.25e-03
186.006 46.2987 2.24e-14 1.92e-14 26.63 81.58 40.52 -1.4 218178 0.00e+00 5.70e-09 5.68e+08 3.81e-05 -4.77e-02 8.15e-03
190.333 47.5245 2.14e-14 1.83e-14 26.16 80.23 40.34 -1.3 215683 0.00e+00 5.96e-09 6.01e+08 3.83e-05 -4.68e-02 8.06e-03
194.761 48.7833 2.05e-14 1.76e-14 25.70 78.90 40.16 -1.3 213218 0.00e+00 6.25e-09 6.36e+08 3.85e-05 -4.58e-02 7.96e-03
199.292 50.0740 1.96e-14 1.68e-14 25.25 77.59 39.99 -1.3 210780 0.00e+00 6.54e-09 6.72e+08 3.87e-05 -4.49e-02 7.87e-03
203.928 51.3995 1.88e-14 1.61e-14 24.80 76.30 39.81 -1.3 208370 0.00e+00 6.85e-09 7.11e+08 3.89e-05 -4.40e-02 7.77e-03
208.671 52.7632 1.80e-14 1.54e-14 24.36 75.04 39.63 -1.3 205988 0.00e+00 7.17e-09 7.53e+08 3.91e-05 -4.31e-02 7.68e-03
213.526 54.1597 1.72e-14 1.47e-14 23.93 73.80 39.46 -1.3 203633 0.00e+00 7.51e-09 7.96e+08 3.93e-05 -4.23e-02 7.59e-03
218.493 55.5944 1.65e-14 1.41e-14 23.51 72.58 39.28 -1.3 201305 0.00e+00 7.86e-09 8.42e+08 3.96e-05 -4.14e-02 7.50e-03
223.575 57.0686 1.58e-14 1.35e-14 23.10 71.38 39.11 -1.3 199004 0.00e+00 8.23e-09 8.91e+08 3.98e-05 -4.06e-02 7.41e-03
228.776 58.5836 1.51e-14 1.29e-14 22.69 70.20 38.93 -1.3 196729 0.00e+00 8.62e-09 9.42e+08 4.00e-05 -3.98e-02 7.32e-03
234.098 60.1382 1.44e-14 1.24e-14 22.28 69.05 38.76 -1.3 194480 0.00e+00 9.02e-09 9.96e+08 4.02e-05 -3.90e-02 7.23e-03
239.544 61.7335 1.38e-14 1.18e-14 21.89 67.91 38.58 -1.3 192257 0.00e+00 9.44e-09 1.05e+09 4.04e-05 -3.82e-02 7.14e-03
245.116 63.3707 1.32e-14 1.13e-14 21.50 66.79 38.41 -1.3 190059 0.00e+00 9.89e-09 1.11e+09 4.07e-05 -3.74e-02 7.05e-03
250.818 65.0539 1.26e-14 1.08e-14 21.12 65.69 38.24 -1.3 187886 0.00e+00 1.03e-08 1.18e+09 4.09e-05 -3.67e-02 6.97e-03
256.653 66.7849 1.21e-14 1.04e-14 20.74 64.62 38.07 -1.3 185738 0.00e+00 1.08e-08 1.25e+09 4.11e-05 -3.59e-02 6.88e-03
262.623 68.5589 1.16e-14 9.91e-15 20.37 63.56 37.90 -1.3 183615 0.00e+00 1.13e-08 1.32e+09 4.13e-05 -3.52e-02 6.80e-03
268.733 70.3837 1.11e-14 9.48e-15 20.01 62.52 37.73 -1.2 181516 0.00e+00 1.19e-08 1.39e+09 4.16e-05 -3.45e-02 6.72e-03
274.984 72.2575 1.06e-14 9.07e-15 19.65 61.50 37.56 -1.2 179440 0.00e+00 1.24e-08 1.47e+09 4.18e-05 -3.38e-02 6.63e-03
281.381 74.1821 1.01e-14 8.67e-15 19.30 60.50 37.39 -1.2 177389 0.00e+00 1.30e-08 1.56e+09 4.20e-05 -3.31e-02 6.55e-03
287.926 76.1599 9.69e-15 8.30e-15 18.95 59.52 37.22 -1.2 175361 0.00e+00 1.36e-08 1.65e+09 4.23e-05 -3.24e-02 6.47e-03
294.624 78.1927 9.27e-15 7.93e-15 18.61 58.56 37.05 -1.2 173356 0.00e+00 1.43e-08 1.74e+09 4.25e-05 -3.17e-02 6.39e-03
301.478 80.2813 8.87e-15 7.59e-15 18.27 57.61 36.88 -1.2 171375 0.00e+00 1.49e-08 1.84e+09 4.27e-05 -3.11e-02 6.31e-03
308.491 82.4255 8.48e-15 7.26e-15 17.94 56.68 36.71 -1.2 169415 0.00e+00 1.57e-08 1.95e+09 4.30e-05 -3.05e-02 6.23e-03
315.667 84.6315 8.11e-15 6.94e-15 17.62 55.77 36.55 -1.2 167479 0.00e+00 1.64e-08 2.06e+09 4.32e-05 -2.98e-02 6.16e-03
323.010 86.8967 7.76e-15 6.64e-15 17.30 54.88 36.38 -1.2 165564 0.00e+00 1.72e-08 2.18e+09 4.34e-05 -2.92e-02 6.08e-03
330.524 89.2254 7.42e-15 6.34e-15 16.98 54.00 36.21 -1.2 163671 0.00e+00 1.80e-08 2.30e+09 4.37e-05 -2.86e-02 6.00e-03
338.213 91.6200 7.09e-15 6.07e-15 16.67 53.14 36.05 -1.2 161800 0.00e+00 1.88e-08 2.44e+09 4.39e-05 -2.80e-02 5.93e-03
346.081 94.0799 6.78e-15 5.80e-15 16.37 52.30 35.88 -1.2 159950 0.00e+00 1.97e-08 2.57e+09 4.41e-05 -2.75e-02 5.85e-03
354.132 96.6073 6.48e-15 5.54e-15 16.07 51.47 35.71 -1.2 158122 0.00e+00 2.07e-08 2.72e+09 4.44e-05 -2.69e-02 5.78e-03
362.369 99.2102 6.19e-15 5.30e-15 15.77 50.66 35.55 -1.2 156314 0.00e+00 2.16e-08 2.88e+09 4.46e-05 -2.63e-02 5.71e-03
370.799 101.8824 5.92e-15 5.06e-15 15.48 49.87 35.38 -1.2 154527 0.00e+00 2.27e-08 3.04e+09 4.49e-05 -2.58e-02 5.64e-03
379.425 104.6324 5.66e-15 4.84e-15 15.19 49.09 35.22 -1.2 152761 0.00e+00 2.37e-08 3.22e+09 4.51e-05 -2.53e-02 5.56e-03
388.251 107.4596 5.40e-15 4.62e-15 14.91 48.33 35.05 -1.2 151014 0.00e+00 2.49e-08 3.40e+09 4.53e-05 -2.47e-02 5.49e-03
397.283 110.3668 5.16e-15 4.42e-15 14.63 47.58 34.89 -1.2 149288 0.00e+00 2.61e-08 3.60e+09 4.56e-05 -2.42e-02 5.42e-03
406.525 113.3567 4.93e-15 4.22e-15 14.35 46.85 34.72 -1.1 147581 0.00e+00 2.73e-08 3.81e+09 4.58e-05 -2.37e-02 5.35e-03
415.981 116.4321 4.71e-15 4.03e-15 14.08 46.13 34.56 -1.1 145894 0.00e+00 2.86e-08 4.02e+09 4.60e-05 -2.32e-02 5.29e-03
425.658 119.5960 4.50e-15 3.85e-15 13.82 45.42 34.39 -1.1 144226 0.00e+00 3.00e-08 4.26e+09 4.63e-05 -2.27e-02 5.22e-03
435.560 122.8517 4.30e-15 3.68e-15 13.55 44.74 34.23 -1.1 142577 0.00e+00 3.14e-08 4.50e+09 4.65e-05 -2.23e-02 5.15e-03
445.692 126.1981 4.10e-15 3.51e-15 13.29 44.06 34.06 -1.1 140947 0.00e+00 3.29e-08 4.76e+09 4.67e-05 -2.18e-02 5.08e-03
456.060 129.6426 3.92e-15 3.35e-15 13.04 43.40 33.90 -1.1 139336 0.00e+00 3.45e-08 5.03e+09 4.70e-05 -2.14e-02 5.02e-03
466.669 133.1889 3.74e-15 3.20e-15 12.79 42.75 33.73 -1.1 137743 0.00e+00 3.62e-08 5.32e+09 4.72e-05 -2.09e-02 4.95e-03
477.525 136.8408 3.57e-15 3.05e-15 12.54 42.12 33.57 -1.1 136168 0.00e+00 3.80e-08 5.63e+09 4.74e-05 -2.05e-02 4.89e-03
488.633 140.5921 3.41e-15 2.92e-15 12.30 41.50 33.40 -1.1 134612 0.00e+00 3.98e-08 5.96e+09 4.77e-05 -2.00e-02 4.82e-03
500.000 144.4616 3.25e-15 2.78e-15 12.05 40.89 33.24 -1.1 133073 0.00e+00 4.17e-08 6.30e+09 4.79e-05 -1.96e-02 4.76e-03
