#1:r 2:H 3:Rho0 4:RhoMean 5:S 6:Tc 7:Te 8:Vr 9:Vphi 10:tauR 11:x 12:s_e 13:B_r 14:B_phi 15:B_z
0.052 0.0009 1.28e-07 1.09e-07 3055.50 1530.89 783.38 -42.3 13076793 0.00e+00 1.51e-10 2.18e+06 7.70e-01 -3.57e+01 5.28e+01
0.054 0.0010 1.12e-07 9.56e-08 2859.33 1526.60 756.75 -43.2 12778772 0.00e+00 1.52e-10 2.19e+06 7.95e-01 -3.44e+01 4.95e+01
0.057 0.0011 9.77e-08 8.36e-08 2675.95 1522.21 731.03 -44.1 12487543 0.00e+00 1.53e-10 2.21e+06 8.20e-01 -3.30e+01 4.63e+01
0.059 0.0011 8.55e-08 7.31e-08 2504.51 1517.73 706.18 -45.0 12202951 0.00e+00 1.53e-10 2.22e+06 8.44e-01 -3.17e+01 4.33e+01
0.062 0.0012 7.48e-08 6.40e-08 2344.07 1513.24 682.18 -45.9 11924845 0.00e+00 1.53e-10 2.22e+06 8.69e-01 -3.04e+01 4.05e+01
0.065 0.0013 6.54e-08 5.60e-08 2194.07 1508.67 659.00 -46.8 11653077 0.00e+00 1.53e-10 2.23e+06 8.93e-01 -2.91e+01 3.79e+01
0.068 0.0014 5.72e-08 4.90e-08 2053.55 1504.18 636.60 -47.8 11387503 0.00e+00 1.53e-10 2.24e+06 9.19e-01 -2.79e+01 3.55e+01
0.072 0.0015 5.01e-08 4.28e-08 1922.05 1499.70 614.96 -48.7 11127981 0.00e+00 1.54e-10 2.24e+06 9.46e-01 -2.68e+01 3.32e+01
0.075 0.0016 4.38e-08 3.75e-08 1799.11 1495.12 594.06 -49.7 10874374 0.00e+00 1.53e-10 2.24e+06 9.73e-01 -2.56e+01 3.11e+01
0.078 0.0017 3.83e-08 3.28e-08 1683.93 1490.64 573.87 -50.7 10626546 0.00e+00 1.53e-10 2.25e+06 1.00e+00 -2.46e+01 2.91e+01
0.082 0.0018 3.35e-08 2.87e-08 1576.14 1486.16 554.37 -51.7 10384367 0.00e+00 1.53e-10 2.25e+06 1.03e+00 -2.36e+01 2.73e+01
0.086 0.0020 2.93e-08 2.51e-08 1475.27 1481.68 535.53 -52.8 10147707 0.00e+00 1.53e-10 2.25e+06 1.06e+00 -2.26e+01 2.55e+01
0.090 0.0021 2.56e-08 2.19e-08 1380.86 1477.20 517.33 -53.9 9916440 0.00e+00 1.53e-10 2.26e+06 1.09e+00 -2.17e+01 2.39e+01
0.094 0.0022 2.24e-08 1.92e-08 1292.51 1472.71 499.74 -54.9 9690444 0.00e+00 1.53e-10 2.26e+06 1.13e+00 -2.08e+01 2.24e+01
0.099 0.0024 1.96e-08 1.68e-08 1209.74 1468.33 482.76 -56.1 9469598 0.00e+00 1.53e-10 2.26e+06 1.16e+00 -1.99e+01 2.09e+01
0.103 0.0026 1.72e-08 1.47e-08 1132.36 1463.84 466.35 -57.2 9253785 0.00e+00 1.53e-10 2.26e+06 1.20e+00 -1.91e+01 1.96e+01
0.108 0.0028 1.50e-08 1.28e-08 1059.87 1459.46 450.50 -58.3 9042891 0.00e+00 1.52e-10 2.27e+06 1.24e+00 -1.84e+01 1.83e+01
0.113 0.0029 1.31e-08 1.12e-08 992.03 1455.07 435.19 -59.5 8836803 0.00e+00 1.52e-10 2.27e+06 1.27e+00 -1.76e+01 1.72e+01
0.119 0.0031 1.17e-08 9.99e-09 938.65 1435.04 420.40 -60.1 8635412 0.00e+00 1.18e-10 1.78e+06 1.11e+00 -1.63e+01 1.62e+01
0.124 0.0033 1.04e-08 8.94e-09 891.99 1409.20 406.12 -60.4 8438610 0.00e+00 8.24e-11 1.26e+06 9.54e-01 -1.51e+01 1.54e+01
0.130 0.0035 9.32e-09 7.97e-09 845.55 1387.26 392.32 -60.8 8246294 0.00e+00 6.12e-11 9.42e+05 8.92e-01 -1.42e+01 1.46e+01
0.136 0.0038 8.27e-09 7.08e-09 799.32 1369.43 378.99 -61.4 8058360 0.00e+00 4.90e-11 7.61e+05 8.90e-01 -1.36e+01 1.38e+01
0.143 0.0040 7.29e-09 6.24e-09 751.82 1358.65 366.11 -62.4 7874710 0.00e+00 4.49e-11 7.00e+05 9.35e-01 -1.31e+01 1.30e+01
0.150 0.0043 6.40e-09 5.48e-09 705.50 1351.12 353.67 -63.5 7695245 0.00e+00 4.41e-11 6.91e+05 9.96e-01 -1.27e+01 1.22e+01
0.157 0.0046 5.70e-09 4.88e-09 668.26 1331.09 341.65 -64.0 7519870 0.00e+00 3.67e-11 5.80e+05 1.03e+00 -1.22e+01 1.16e+01
0.164 0.0049 5.09e-09 4.35e-09 633.87 1309.54 330.04 -64.4 7348492 0.00e+00 3.24e-11 5.18e+05 1.06e+00 -1.18e+01 1.10e+01
0.172 0.0052 4.52e-09 3.87e-09 599.36 1292.37 318.83 -65.1 7181019 0.00e+00 3.34e-11 5.40e+05 1.11e+00 -1.14e+01 1.04e+01
0.180 0.0055 4.00e-09 3.42e-09 565.36 1278.55 307.99 -65.9 7017363 0.00e+00 3.85e-11 6.27e+05 1.16e+00 -1.10e+01 9.78e+00
0.188 0.0059 3.53e-09 3.02e-09 532.23 1267.39 297.53 -66.8 6857437 0.00e+00 4.70e-11 7.69e+05 1.21e+00 -1.07e+01 9.20e+00
0.197 0.0063 3.11e-09 2.66e-09 500.28 1258.23 287.42 -67.9 6701156 0.00e+00 5.85e-11 9.62e+05 1.25e+00 -1.03e+01 8.65e+00
0.206 0.0067 2.79e-09 2.39e-09 476.64 1232.39 277.65 -68.0 6548436 0.00e+00 6.93e-11 1.16e+06 1.27e+00 -9.90e+00 8.24e+00
0.216 0.0071 2.50e-09 2.14e-09 453.06 1209.88 268.22 -68.3 6399197 0.00e+00 8.29e-11 1.40e+06 1.29e+00 -9.52e+00 7.84e+00
0.226 0.0075 2.23e-09 1.91e-09 429.80 1190.14 259.11 -68.8 6253359 0.00e+00 9.93e-11 1.70e+06 1.30e+00 -9.15e+00 7.43e+00
0.237 0.0080 2.00e-09 1.71e-09 409.07 1166.87 250.31 -69.0 6110844 0.00e+00 1.17e-10 2.02e+06 1.30e+00 -8.78e+00 7.07e+00
0.248 0.0083 1.87e-09 1.60e-09 400.29 1112.80 241.81 -67.4 5971578 0.00e+00 1.26e-10 2.26e+06 1.28e+00 -8.43e+00 6.92e+00
0.260 0.0087 1.76e-09 1.50e-09 393.18 1057.20 233.60 -65.5 5835485 0.00e+00 1.35e-10 2.50e+06 1.26e+00 -8.10e+00 6.80e+00
0.272 0.0091 1.66e-09 1.42e-09 387.06 1002.17 225.67 -63.5 5702494 0.00e+00 1.44e-10 2.76e+06 1.24e+00 -7.79e+00 6.69e+00
0.285 0.0095 1.56e-09 1.34e-09 380.88 950.36 218.01 -61.7 5572534 0.00e+00 1.25e-10 2.49e+06 9.70e-01 -7.03e+00 6.59e+00
0.299 0.0099 1.47e-09 1.26e-09 374.64 901.63 210.61 -59.9 5445536 0.00e+00 1.32e-10 2.72e+06 9.52e-01 -6.76e+00 6.48e+00
0.313 0.0103 1.39e-09 1.19e-09 368.32 855.81 203.46 -58.1 5321432 0.00e+00 1.39e-10 2.97e+06 9.34e-01 -6.49e+00 6.37e+00
0.327 0.0108 1.31e-09 1.12e-09 361.94 812.70 196.56 -56.5 5200156 0.00e+00 1.46e-10 3.24e+06 9.16e-01 -6.23e+00 6.26e+00
0.343 0.0113 1.23e-09 1.05e-09 355.49 772.17 189.90 -54.9 5081644 0.00e+00 1.54e-10 3.53e+06 8.97e-01 -5.98e+00 6.15e+00
0.359 0.0118 1.15e-09 9.87e-10 348.92 734.12 183.46 -53.4 4965833 0.00e+00 1.62e-10 3.84e+06 8.77e-01 -5.74e+00 6.03e+00
0.376 0.0125 1.05e-09 8.96e-10 334.56 714.47 177.24 -53.2 4852662 0.00e+00 1.79e-10 4.33e+06 8.62e-01 -5.49e+00 5.79e+00
0.394 0.0132 9.37e-10 8.02e-10 318.09 701.26 171.23 -53.5 4742069 0.00e+00 2.01e-10 4.91e+06 8.46e-01 -5.23e+00 5.50e+00
0.412 0.0140 8.39e-10 7.18e-10 302.42 688.29 165.42 -53.7 4633997 0.00e+00 2.24e-10 5.55e+06 8.28e-01 -4.98e+00 5.23e+00
0.432 0.0149 7.53e-10 6.44e-10 287.86 674.80 159.81 -53.9 4528388 0.00e+00 2.49e-10 6.24e+06 8.09e-01 -4.75e+00 4.98e+00
0.452 0.0156 7.03e-10 6.01e-10 281.37 644.23 154.40 -52.6 4425186 0.00e+00 2.61e-10 6.77e+06 7.86e-01 -4.54e+00 4.87e+00
0.473 0.0163 6.57e-10 5.62e-10 275.19 614.67 149.18 -51.4 4324336 0.00e+00 2.74e-10 7.33e+06 7.62e-01 -4.34e+00 4.76e+00
0.496 0.0171 6.14e-10 5.25e-10 269.27 586.20 144.13 -50.1 4225784 0.00e+00 2.87e-10 7.93e+06 7.38e-01 -4.15e+00 4.66e+00
0.519 0.0179 5.74e-10 4.91e-10 263.34 559.36 139.26 -49.0 4129478 0.00e+00 3.01e-10 8.57e+06 7.14e-01 -3.97e+00 4.55e+00
0.544 0.0187 5.36e-10 4.58e-10 257.42 533.99 134.56 -47.8 4035367 0.00e+00 3.15e-10 9.26e+06 6.90e-01 -3.79e+00 4.45e+00
0.569 0.0196 5.00e-10 4.28e-10 251.54 509.96 130.01 -46.7 3943401 0.00e+00 3.30e-10 9.99e+06 6.66e-01 -3.62e+00 4.35e+00
0.596 0.0205 4.66e-10 3.99e-10 245.66 487.26 125.63 -45.7 3853530 0.00e+00 3.45e-10 1.08e+07 6.43e-01 -3.46e+00 4.25e+00
0.624 0.0215 4.34e-10 3.72e-10 239.82 465.77 121.40 -44.7 3765708 0.00e+00 3.61e-10 1.16e+07 6.19e-01 -3.30e+00 4.15e+00
0.654 0.0226 4.03e-10 3.45e-10 233.55 446.31 117.31 -43.8 3679888 0.00e+00 3.79e-10 1.26e+07 5.96e-01 -3.15e+00 4.04e+00
0.685 0.0240 3.57e-10 3.06e-10 220.42 441.30 113.35 -44.4 3596023 0.00e+00 4.19e-10 1.40e+07 5.76e-01 -2.98e+00 3.81e+00
0.717 0.0256 3.16e-10 2.71e-10 208.04 436.32 109.53 -44.9 3514069 0.00e+00 4.62e-10 1.55e+07 5.55e-01 -2.83e+00 3.60e+00
0.751 0.0273 2.80e-10 2.40e-10 196.34 431.43 105.84 -45.4 3433983 0.00e+00 5.07e-10 1.72e+07 5.34e-01 -2.68e+00 3.40e+00
0.786 0.0291 2.48e-10 2.12e-10 185.31 426.57 102.28 -46.0 3355723 0.00e+00 5.56e-10 1.90e+07 5.14e-01 -2.53e+00 3.20e+00
0.823 0.0310 2.20e-10 1.88e-10 174.88 421.80 98.84 -46.5 3279246 0.00e+00 6.08e-10 2.09e+07 4.94e-01 -2.40e+00 3.02e+00
0.862 0.0330 1.95e-10 1.67e-10 165.05 417.06 95.51 -47.0 3204511 0.00e+00 6.64e-10 2.30e+07 4.74e-01 -2.27e+00 2.85e+00
0.903 0.0348 1.78e-10 1.53e-10 159.39 403.01 92.32 -46.5 3131480 0.00e+00 7.00e-10 2.48e+07 4.55e-01 -2.16e+00 2.76e+00
0.946 0.0366 1.64e-10 1.40e-10 154.08 389.04 89.23 -46.0 3060114 0.00e+00 7.09e-10 2.58e+07 4.27e-01 -2.04e+00 2.66e+00
0.990 0.0384 1.53e-10 1.31e-10 150.47 371.76 86.27 -44.9 2990374 0.00e+00 6.96e-10 2.61e+07 3.98e-01 -1.93e+00 2.60e+00
1.037 0.0402 1.42e-10 1.22e-10 146.94 355.24 83.40 -43.9 2922223 0.00e+00 6.90e-10 2.66e+07 3.71e-01 -1.83e+00 2.54e+00
1.086 0.0421 1.33e-10 1.14e-10 143.52 339.40 80.64 -43.0 2855625 0.00e+00 6.87e-10 2.74e+07 3.47e-01 -1.74e+00 2.48e+00
1.137 0.0441 1.24e-10 1.06e-10 140.22 324.17 77.98 -42.0 2790545 0.00e+00 6.89e-10 2.83e+07 3.26e-01 -1.65e+00 2.43e+00
1.191 0.0462 1.16e-10 9.89e-11 137.05 309.51 75.42 -41.0 2726949 0.00e+00 6.93e-10 2.93e+07 3.06e-01 -1.56e+00 2.37e+00
1.247 0.0484 1.08e-10 9.24e-11 133.98 295.44 72.95 -40.1 2664801 0.00e+00 7.01e-10 3.06e+07 2.87e-01 -1.48e+00 2.32e+00
1.306 0.0508 9.97e-11 8.53e-11 130.07 284.00 70.57 -39.4 2604070 0.00e+00 7.22e-10 3.23e+07 2.72e-01 -1.41e+00 2.25e+00
1.367 0.0534 9.21e-11 7.88e-11 126.22 273.10 68.28 -38.8 2544723 0.00e+00 7.46e-10 3.43e+07 2.57e-01 -1.34e+00 2.18e+00
1.432 0.0561 8.50e-11 7.27e-11 122.40 262.80 66.07 -38.2 2486729 0.00e+00 7.74e-10 3.65e+07 2.44e-01 -1.27e+00 2.12e+00
1.499 0.0589 7.89e-11 6.75e-11 119.26 251.69 63.94 -37.4 2430056 0.00e+00 7.97e-10 3.87e+07 2.31e-01 -1.21e+00 2.06e+00
1.570 0.0615 7.40e-11 6.34e-11 116.94 239.53 61.91 -36.5 2374675 0.00e+00 8.12e-10 4.07e+07 2.18e-01 -1.15e+00 2.02e+00
1.644 0.0643 6.96e-11 5.95e-11 114.80 227.70 59.96 -35.5 2320556 0.00e+00 8.28e-10 4.29e+07 2.06e-01 -1.10e+00 1.99e+00
1.722 0.0671 6.54e-11 5.60e-11 112.79 216.27 58.09 -34.5 2267671 0.00e+00 8.44e-10 4.52e+07 1.94e-01 -1.04e+00 1.95e+00
1.803 0.0701 6.16e-11 5.27e-11 110.89 205.28 56.30 -33.5 2215990 0.00e+00 8.60e-10 4.77e+07 1.83e-01 -9.94e-01 1.92e+00
1.888 0.0731 5.81e-11 4.97e-11 109.11 194.68 54.58 -32.5 2165488 0.00e+00 8.78e-10 5.04e+07 1.73e-01 -9.48e-01 1.89e+00
1.977 0.0763 5.49e-11 4.70e-11 107.48 184.43 52.94 -31.5 2116136 0.00e+00 8.95e-10 5.32e+07 1.63e-01 -9.04e-01 1.86e+00
2.071 0.0795 5.19e-11 4.44e-11 105.95 174.59 51.37 -30.5 2067909 0.00e+00 9.12e-10 5.62e+07 1.53e-01 -8.62e-01 1.83e+00
2.168 0.0829 4.91e-11 4.20e-11 104.50 165.17 49.88 -29.5 2020782 0.00e+00 9.30e-10 5.94e+07 1.45e-01 -8.22e-01 1.81e+00
2.271 0.0868 4.58e-11 3.92e-11 102.14 157.71 48.43 -28.9 1974728 0.00e+00 9.64e-10 6.34e+07 1.37e-01 -7.83e-01 1.77e+00
2.378 0.0921 4.12e-11 3.52e-11 97.32 154.46 46.99 -28.9 1929724 0.00e+00 1.04e-09 6.94e+07 1.32e-01 -7.43e-01 1.68e+00
2.490 0.0975 3.72e-11 3.18e-11 93.03 150.79 45.62 -28.9 1885745 0.00e+00 1.12e-09 7.57e+07 1.26e-01 -7.06e-01 1.61e+00
2.607 0.1031 3.37e-11 2.89e-11 89.21 146.73 44.31 -28.8 1842769 0.00e+00 1.20e-09 8.24e+07 1.21e-01 -6.70e-01 1.54e+00
2.730 0.1090 3.05e-11 2.61e-11 85.43 142.98 43.05 -28.7 1800772 0.00e+00 1.28e-09 8.98e+07 1.16e-01 -6.36e-01 1.48e+00
2.859 0.1155 2.75e-11 2.35e-11 81.51 139.84 41.84 -28.7 1759732 0.00e+00 1.38e-09 9.80e+07 1.11e-01 -6.04e-01 1.41e+00
2.994 0.1219 2.51e-11 2.15e-11 78.49 135.53 40.70 -28.5 1719628 0.00e+00 1.46e-09 1.06e+08 1.06e-01 -5.74e-01 1.36e+00
3.135 0.1272 2.36e-11 2.02e-11 77.19 128.60 39.68 -27.7 1680438 0.00e+00 1.51e-09 1.13e+08 1.00e-01 -5.48e-01 1.33e+00
3.283 0.1328 2.23e-11 1.90e-11 75.89 122.06 38.72 -26.9 1642140 0.00e+00 1.55e-09 1.20e+08 9.46e-02 -5.23e-01 1.31e+00
3.438 0.1387 2.09e-11 1.79e-11 74.57 115.91 37.81 -26.1 1604716 0.00e+00 1.60e-09 1.28e+08 8.94e-02 -4.99e-01 1.29e+00
3.601 0.1449 1.97e-11 1.68e-11 73.23 110.15 36.95 -25.4 1568144 0.00e+00 1.65e-09 1.36e+08 8.45e-02 -4.76e-01 1.27e+00
3.771 0.1514 1.85e-11 1.58e-11 71.86 104.74 36.14 -24.7 1532406 0.00e+00 1.70e-09 1.45e+08 7.98e-02 -4.54e-01 1.24e+00
3.948 0.1583 1.73e-11 1.48e-11 70.48 99.67 35.37 -24.1 1497483 0.00e+00 1.75e-09 1.54e+08 7.53e-02 -4.33e-01 1.22e+00
4.135 0.1655 1.63e-11 1.39e-11 69.06 94.92 34.65 -23.4 1463355 0.00e+00 1.81e-09 1.64e+08 7.11e-02 -4.13e-01 1.19e+00
4.330 0.1732 1.52e-11 1.30e-11 67.62 90.46 33.97 -22.9 1430005 0.00e+00 1.87e-09 1.75e+08 6.70e-02 -3.94e-01 1.17e+00
4.534 0.1812 1.42e-11 1.22e-11 66.15 86.29 33.32 -22.3 1397415 0.00e+00 1.93e-09 1.86e+08 6.32e-02 -3.76e-01 1.14e+00
4.748 0.1897 1.33e-11 1.14e-11 64.67 82.37 32.71 -21.8 1365568 0.00e+00 2.00e-09 1.98e+08 5.97e-02 -3.58e-01 1.12e+00
4.972 0.1987 1.24e-11 1.06e-11 63.17 78.69 32.14 -21.3 1334447 0.00e+00 2.07e-09 2.11e+08 5.63e-02 -3.42e-01 1.09e+00
5.207 0.2082 1.15e-11 9.87e-12 61.65 75.24 31.60 -20.9 1304034 0.00e+00 2.14e-09 2.24e+08 5.31e-02 -3.26e-01 1.07e+00
5.452 0.2183 1.07e-11 9.18e-12 60.12 72.00 31.08 -20.4 1274315 0.00e+00 2.22e-09 2.39e+08 5.00e-02 -3.10e-01 1.04e+00
5.710 0.2289 9.97e-12 8.53e-12 58.59 68.95 30.59 -20.0 1245274 0.00e+00 2.30e-09 2.54e+08 4.72e-02 -2.96e-01 1.01e+00
5.979 0.2401 9.26e-12 7.92e-12 57.05 66.07 30.13 -19.6 1216894 0.00e+00 2.38e-09 2.70e+08 4.45e-02 -2.82e-01 9.87e-01
6.261 0.2520 8.58e-12 7.34e-12 55.52 63.36 29.69 -19.3 1189161 0.00e+00 2.47e-09 2.87e+08 4.19e-02 -2.68e-01 9.60e-01
6.557 0.2645 7.95e-12 6.80e-12 53.99 60.80 29.27 -18.9 1162060 0.00e+00 2.56e-09 3.06e+08 3.95e-02 -2.56e-01 9.34e-01
6.866 0.2778 7.36e-12 6.30e-12 52.47 58.38 28.87 -18.6 1135576 0.00e+00 2.66e-09 3.25e+08 3.73e-02 -2.44e-01 9.07e-01
7.190 0.2918 6.80e-12 5.82e-12 50.96 56.09 28.49 -18.3 1109696 0.00e+00 2.76e-09 3.46e+08 3.51e-02 -2.32e-01 8.81e-01
7.529 0.3066 6.29e-12 5.38e-12 49.46 53.93 28.12 -18.0 1084406 0.00e+00 2.87e-09 3.68e+08 3.31e-02 -2.21e-01 8.55e-01
7.885 0.3222 5.80e-12 4.96e-12 47.99 51.87 27.76 -17.7 1059693 0.00e+00 2.98e-09 3.91e+08 3.12e-02 -2.10e-01 8.30e-01
8.257 0.3387 5.35e-12 4.58e-12 46.52 49.93 27.42 -17.4 1035542 0.00e+00 3.10e-09 4.16e+08 2.94e-02 -2.00e-01 8.05e-01
8.646 0.3562 4.93e-12 4.22e-12 45.09 48.08 27.10 -17.2 1011942 0.00e+00 3.22e-09 4.42e+08 2.78e-02 -1.91e-01 7.80e-01
9.054 0.3747 4.54e-12 3.89e-12 43.67 46.32 26.78 -16.9 988880 0.00e+00 3.35e-09 4.70e+08 2.62e-02 -1.81e-01 7.55e-01
9.482 0.3942 4.18e-12 3.58e-12 42.28 44.64 26.47 -16.7 966343 0.00e+00 3.48e-09 4.99e+08 2.47e-02 -1.73e-01 7.31e-01
9.929 0.4148 3.84e-12 3.29e-12 40.92 43.05 26.17 -16.5 944320 0.00e+00 3.62e-09 5.30e+08 2.32e-02 -1.64e-01 7.08e-01
10.398 0.4366 3.53e-12 3.02e-12 39.58 41.53 25.88 -16.3 922799 0.00e+00 3.77e-09 5.64e+08 2.19e-02 -1.56e-01 6.84e-01
10.888 0.4596 3.24e-12 2.77e-12 38.26 40.09 25.60 -16.1 901769 0.00e+00 3.92e-09 5.99e+08 2.07e-02 -1.49e-01 6.62e-01
11.402 0.4840 2.98e-12 2.55e-12 36.98 38.71 25.32 -15.9 881217 0.00e+00 4.08e-09 6.36e+08 1.95e-02 -1.42e-01 6.40e-01
11.940 0.5098 2.73e-12 2.34e-12 35.72 37.39 25.05 -15.7 861134 0.00e+00 4.25e-09 6.76e+08 1.84e-02 -1.35e-01 6.18e-01
12.503 0.5370 2.50e-12 2.14e-12 34.49 36.14 24.78 -15.5 841509 0.00e+00 4.43e-09 7.18e+08 1.73e-02 -1.28e-01 5.97e-01
13.093 0.5659 2.29e-12 1.96e-12 33.29 34.94 24.52 -15.4 822331 0.00e+00 4.61e-09 7.62e+08 1.63e-02 -1.22e-01 5.76e-01
13.711 0.5964 2.10e-12 1.79e-12 32.12 33.80 24.26 -15.2 803590 0.00e+00 4.80e-09 8.09e+08 1.54e-02 -1.16e-01 5.55e-01
14.358 0.6287 1.92e-12 1.64e-12 30.97 32.71 24.01 -15.1 785276 0.00e+00 5.01e-09 8.59e+08 1.45e-02 -1.10e-01 5.36e-01
15.036 0.6630 1.75e-12 1.50e-12 29.85 31.67 23.76 -14.9 767380 0.00e+00 5.22e-09 9.13e+08 1.37e-02 -1.05e-01 5.16e-01
15.745 0.6992 1.60e-12 1.37e-12 28.76 30.67 23.51 -14.8 749891 0.00e+00 5.44e-09 9.69e+08 1.29e-02 -9.99e-02 4.97e-01
16.488 0.7375 1.46e-12 1.25e-12 27.69 29.72 23.27 -14.7 732801 0.00e+00 5.68e-09 1.03e+09 1.22e-02 -9.50e-02 4.79e-01
17.266 0.7782 1.33e-12 1.14e-12 26.66 28.82 23.02 -14.5 716100 0.00e+00 5.92e-09 1.09e+09 1.15e-02 -9.04e-02 4.61e-01
18.081 0.8213 1.22e-12 1.04e-12 25.64 27.95 22.78 -14.4 699780 0.00e+00 6.18e-09 1.16e+09 1.08e-02 -8.59e-02 4.43e-01
18.934 0.8671 1.11e-12 9.48e-13 24.66 27.13 22.54 -14.3 683832 0.00e+00 6.46e-09 1.23e+09 1.02e-02 -8.17e-02 4.26e-01
19.828 0.9156 1.01e-12 8.63e-13 23.70 26.34 22.30 -14.2 668248 0.00e+00 6.74e-09 1.31e+09 9.63e-03 -7.76e-02 4.10e-01
20.763 0.9670 9.17e-13 7.85e-13 22.77 25.59 22.07 -14.2 653018 0.00e+00 7.05e-09 1.39e+09 9.08e-03 -7.38e-02 3.94e-01
21.743 1.0216 8.33e-13 7.13e-13 21.86 24.87 21.83 -14.1 638136 0.00e+00 7.37e-09 1.47e+09 8.57e-03 -7.01e-02 3.78e-01
22.769 1.0796 7.57e-13 6.48e-13 20.97 24.18 21.60 -14.0 623593 0.00e+00 7.70e-09 1.56e+09 8.13e-03 -6.66e-02 3.61e-01
23.843 1.1412 6.87e-13 5.88e-13 20.12 23.53 21.36 -14.0 609381 0.00e+00 8.06e-09 1.66e+09 7.76e-03 -6.30e-02 3.42e-01
24.969 1.2066 6.23e-13 5.33e-13 19.28 22.91 21.13 -13.9 595493 0.00e+00 8.43e-09 1.76e+09 7.41e-03 -5.97e-02 3.24e-01
26.147 1.2761 5.64e-13 4.83e-13 18.47 22.31 20.90 -13.9 581922 0.00e+00 8.83e-09 1.87e+09 7.08e-03 -5.65e-02 3.07e-01
27.381 1.3500 5.10e-13 4.37e-13 17.69 21.75 20.66 -13.8 568660 0.00e+00 9.25e-09 1.99e+09 6.76e-03 -5.35e-02 2.90e-01
28.673 1.4285 4.62e-13 3.95e-13 16.93 21.20 20.43 -13.8 555700 0.00e+00 9.69e-09 2.12e+09 6.45e-03 -5.06e-02 2.75e-01
30.026 1.5120 4.17e-13 3.57e-13 16.19 20.69 20.20 -13.8 543036 0.00e+00 1.02e-08 2.25e+09 6.16e-03 -4.79e-02 2.60e-01
31.442 1.6009 3.77e-13 3.22e-13 15.48 20.19 19.97 -13.8 530660 0.00e+00 1.07e-08 2.39e+09 5.88e-03 -4.53e-02 2.46e-01
32.926 1.6953 3.40e-13 2.91e-13 14.79 19.72 19.74 -13.7 518566 0.00e+00 1.12e-08 2.54e+09 5.62e-03 -4.29e-02 2.32e-01
34.480 1.7958 3.06e-13 2.62e-13 14.13 19.27 19.51 -13.7 506748 0.00e+00 1.17e-08 2.70e+09 5.36e-03 -4.06e-02 2.20e-01
36.107 1.9028 2.76e-13 2.36e-13 13.48 18.84 19.28 -13.8 495199 0.00e+00 1.23e-08 2.87e+09 5.12e-03 -3.84e-02 2.08e-01
37.810 2.0166 2.49e-13 2.13e-13 12.86 18.43 19.05 -13.8 483914 0.00e+00 1.29e-08 3.05e+09 4.89e-03 -3.63e-02 1.96e-01
39.595 2.1377 2.24e-13 1.91e-13 12.27 18.03 18.82 -13.8 472885 0.00e+00 1.36e-08 3.24e+09 4.67e-03 -3.43e-02 1.85e-01
41.463 2.2666 2.01e-13 1.72e-13 11.69 17.65 18.59 -13.8 462108 0.00e+00 1.43e-08 3.44e+09 4.46e-03 -3.25e-02 1.75e-01
43.420 2.4039 1.81e-13 1.54e-13 11.14 17.29 18.37 -13.8 451577 0.00e+00 1.50e-08 3.66e+09 4.25e-03 -3.07e-02 1.65e-01
45.468 2.5499 1.62e-13 1.39e-13 10.61 16.94 18.14 -13.9 441285 0.00e+00 1.58e-08 3.89e+09 4.06e-03 -2.91e-02 1.56e-01
47.614 2.7055 1.45e-13 1.24e-13 10.10 16.61 17.92 -13.9 431228 0.00e+00 1.66e-08 4.14e+09 3.88e-03 -2.75e-02 1.47e-01
49.861 2.8710 1.30e-13 1.12e-13 9.61 16.29 17.70 -14.0 421401 0.00e+00 1.75e-08 4.40e+09 3.70e-03 -2.60e-02 1.39e-01
52.213 3.0473 1.17e-13 1.00e-13 9.14 15.98 17.48 -14.0 411797 0.00e+00 1.84e-08 4.68e+09 3.53e-03 -2.46e-02 1.31e-01
54.677 3.2349 1.05e-13 8.96e-14 8.69 15.68 17.26 -14.1 402412 0.00e+00 1.94e-08 4.98e+09 3.37e-03 -2.32e-02 1.23e-01
57.257 3.4346 9.37e-14 8.02e-14 8.26 15.39 17.04 -14.1 393241 0.00e+00 2.05e-08 5.30e+09 3.22e-03 -2.19e-02 1.16e-01
59.959 3.6473 8.39e-14 7.18e-14 7.85 15.12 16.82 -14.2 384279 0.00e+00 2.16e-08 5.63e+09 3.07e-03 -2.07e-02 1.09e-01
62.788 3.8738 7.50e-14 6.42e-14 7.46 14.85 16.60 -14.3 375521 0.00e+00 2.27e-08 5.99e+09 2.93e-03 -1.96e-02 1.03e-01
65.751 4.1147 6.71e-14 5.74e-14 7.09 14.59 16.39 -14.4 366963 0.00e+00 2.40e-08 6.38e+09 2.80e-03 -1.85e-02 9.71e-02
68.854 4.3714 6.00e-14 5.13e-14 6.73 14.34 16.18 -14.5 358600 0.00e+00 2.53e-08 6.78e+09 2.67e-03 -1.75e-02 9.14e-02
72.103 4.6446 5.36e-14 4.58e-14 6.39 14.10 15.97 -14.5 350427 0.00e+00 2.66e-08 7.22e+09 2.55e-03 -1.66e-02 8.61e-02
75.505 4.9356 4.78e-14 4.09e-14 6.06 13.86 15.76 -14.6 342441 0.00e+00 2.81e-08 7.68e+09 2.43e-03 -1.56e-02 8.11e-02
79.068 5.2452 4.27e-14 3.65e-14 5.75 13.63 15.55 -14.7 334637 0.00e+00 2.97e-08 8.17e+09 2.32e-03 -1.48e-02 7.63e-02
82.799 5.5748 3.81e-14 3.26e-14 5.45 13.41 15.35 -14.8 327011 0.00e+00 3.13e-08 8.69e+09 2.22e-03 -1.40e-02 7.18e-02
86.706 5.9257 3.40e-14 2.91e-14 5.17 13.19 15.15 -14.9 319558 0.00e+00 3.30e-08 9.25e+09 2.11e-03 -1.32e-02 6.76e-02
90.797 6.2995 3.03e-14 2.60e-14 4.91 12.98 14.95 -15.0 312275 0.00e+00 3.49e-08 9.84e+09 2.02e-03 -1.25e-02 6.36e-02
95.082 6.6971 2.71e-14 2.32e-14 4.65 12.78 14.75 -15.1 305158 0.00e+00 3.68e-08 1.05e+10 1.93e-03 -1.18e-02 5.99e-02
99.568 7.1204 2.41e-14 2.06e-14 4.41 12.58 14.55 -15.3 298204 0.00e+00 3.88e-08 1.11e+10 1.84e-03 -1.11e-02 5.63e-02
104.267 7.5711 2.15e-14 1.84e-14 4.18 12.39 14.36 -15.4 291408 0.00e+00 4.10e-08 1.19e+10 1.75e-03 -1.05e-02 5.30e-02
109.187 8.0507 1.92e-14 1.64e-14 3.96 12.20 14.17 -15.5 284767 0.00e+00 4.33e-08 1.26e+10 1.67e-03 -9.94e-03 4.99e-02
114.339 8.5616 1.71e-14 1.46e-14 3.75 12.01 13.98 -15.6 278277 0.00e+00 4.57e-08 1.34e+10 1.60e-03 -9.39e-03 4.69e-02
119.734 9.1050 1.52e-14 1.30e-14 3.56 11.83 13.79 -15.7 271935 0.00e+00 4.83e-08 1.43e+10 1.53e-03 -8.87e-03 4.41e-02
125.384 9.6836 1.36e-14 1.16e-14 3.37 11.65 13.60 -15.9 265737 0.00e+00 5.10e-08 1.52e+10 1.46e-03 -8.38e-03 4.15e-02
131.301 10.2995 1.21e-14 1.03e-14 3.19 11.48 13.42 -16.0 259681 0.00e+00 5.39e-08 1.62e+10 1.39e-03 -7.92e-03 3.90e-02
137.496 10.9550 1.07e-14 9.20e-15 3.02 11.31 13.24 -16.1 253763 0.00e+00 5.69e-08 1.72e+10 1.33e-03 -7.48e-03 3.67e-02
143.984 11.6530 9.57e-15 8.19e-15 2.86 11.14 13.06 -16.2 247980 0.00e+00 6.01e-08 1.83e+10 1.27e-03 -7.06e-03 3.45e-02
150.779 12.3956 8.52e-15 7.29e-15 2.71 10.98 12.88 -16.4 242328 0.00e+00 6.35e-08 1.95e+10 1.21e-03 -6.67e-03 3.24e-02
157.893 13.1860 7.59e-15 6.49e-15 2.57 10.82 12.71 -16.5 236806 0.00e+00 6.70e-08 2.07e+10 1.15e-03 -6.30e-03 3.05e-02
165.344 14.0272 6.75e-15 5.78e-15 2.43 10.66 12.54 -16.7 231409 0.00e+00 7.08e-08 2.21e+10 1.10e-03 -5.95e-03 2.87e-02
173.146 14.9231 6.01e-15 5.14e-15 2.30 10.51 12.37 -16.8 226135 0.00e+00 7.48e-08 2.35e+10 1.05e-03 -5.62e-03 2.70e-02
181.316 15.8762 5.35e-15 4.58e-15 2.18 10.36 12.20 -16.9 220981 0.00e+00 7.90e-08 2.50e+10 1.00e-03 -5.31e-03 2.53e-02
189.872 16.8903 4.76e-15 4.07e-15 2.06 10.21 12.03 -17.1 215945 0.00e+00 8.34e-08 2.66e+10 9.58e-04 -5.02e-03 2.38e-02
198.831 17.9705 4.23e-15 3.62e-15 1.95 10.06 11.87 -17.2 211024 0.00e+00 8.82e-08 2.83e+10 9.14e-04 -4.74e-03 2.24e-02
208.214 19.1193 3.77e-15 3.22e-15 1.85 9.92 11.71 -17.4 206215 0.00e+00 9.31e-08 3.01e+10 8.73e-04 -4.47e-03 2.10e-02
218.039 20.3424 3.35e-15 2.87e-15 1.75 9.78 11.55 -17.5 201515 0.00e+00 9.84e-08 3.20e+10 8.33e-04 -4.23e-03 1.98e-02
228.327 21.6441 2.98e-15 2.55e-15 1.66 9.64 11.39 -17.7 196922 0.00e+00 1.04e-07 3.41e+10 7.95e-04 -3.99e-03 1.86e-02
239.101 23.0294 2.65e-15 2.27e-15 1.57 9.50 11.24 -17.9 192435 0.00e+00 1.10e-07 3.62e+10 7.59e-04 -3.77e-03 1.75e-02
250.384 24.5037 2.36e-15 2.02e-15 1.48 9.37 11.08 -18.0 188049 0.00e+00 1.16e-07 3.86e+10 7.24e-04 -3.56e-03 1.64e-02
262.199 26.0730 2.10e-15 1.80e-15 1.41 9.24 10.93 -18.2 183763 0.00e+00 1.23e-07 4.10e+10 6.91e-04 -3.36e-03 1.54e-02
274.571 27.7433 1.87e-15 1.60e-15 1.33 9.11 10.78 -18.3 179575 0.00e+00 1.30e-07 4.36e+10 6.60e-04 -3.18e-03 1.45e-02
287.527 29.5213 1.66e-15 1.42e-15 1.26 8.98 10.63 -18.5 175483 0.00e+00 1.37e-07 4.64e+10 6.30e-04 -3.00e-03 1.36e-02
301.095 31.4127 1.48e-15 1.26e-15 1.19 8.85 10.49 -18.7 171484 0.00e+00 1.45e-07 4.94e+10 6.01e-04 -2.83e-03 1.28e-02
315.303 33.4262 1.31e-15 1.12e-15 1.13 8.73 10.35 -18.8 167575 0.00e+00 1.53e-07 5.26e+10 5.74e-04 -2.68e-03 1.20e-02
330.181 35.5682 1.17e-15 1.00e-15 1.07 8.61 10.20 -19.0 163756 0.00e+00 1.62e-07 5.59e+10 5.48e-04 -2.53e-03 1.13e-02
345.761 37.8487 1.04e-15 8.89e-16 1.01 8.49 10.06 -19.2 160024 0.00e+00 1.71e-07 5.95e+10 5.23e-04 -2.39e-03 1.06e-02
362.076 40.2768 9.24e-16 7.91e-16 0.96 8.37 9.93 -19.4 156377 0.00e+00 1.80e-07 6.33e+10 4.98e-04 -2.25e-03 1.00e-02
379.162 42.8584 8.22e-16 7.03e-16 0.90 8.25 9.79 -19.5 152814 0.00e+00 1.91e-07 6.73e+10 4.75e-04 -2.13e-03 9.39e-03
397.053 45.6071 7.31e-16 6.26e-16 0.86 8.14 9.66 -19.7 149331 0.00e+00 2.02e-07 7.16e+10 4.53e-04 -2.01e-03 8.83e-03
415.789 48.5340 6.50e-16 5.56e-16 0.81 8.03 9.52 -19.9 145928 0.00e+00 2.13e-07 7.62e+10 4.32e-04 -1.90e-03 8.30e-03
435.409 51.6461 5.78e-16 4.95e-16 0.77 7.91 9.39 -20.1 142602 0.00e+00 2.25e-07 8.11e+10 4.12e-04 -1.79e-03 7.80e-03
455.955 54.9601 5.14e-16 4.40e-16 0.73 7.81 9.27 -20.2 139352 0.00e+00 2.38e-07 8.62e+10 3.93e-04 -1.69e-03 7.33e-03
477.470 58.4868 4.57e-16 3.91e-16 0.69 7.70 9.14 -20.4 136176 0.00e+00 2.51e-07 9.18e+10 3.75e-04 -1.60e-03 6.88e-03
500.000 62.2397 4.06e-16 3.48e-16 0.65 7.59 9.01 -20.6 133073 0.00e+00 2.66e-07 9.76e+10 3.58e-04 -1.51e-03 6.47e-03
