#1:r  2:H   3:Rho0    4:RhoMean 5:S   6:Tc  7:Te  8:Vr  9:Vphi   10:tauR	11:x	12:s_e	13:B_r	14:B_phi	15:B_z
0.052	0.0009	1.28e-07	1.09e-07	3056.61	1530.33	784.55	-42.3	13076793	0.00e+00	1.50e-10	2.16e+06 6.47e-01	2.31e+01	4.70e+01
0.053	0.0010	1.20e-07	1.02e-07	2956.66	1528.33	771.12	-42.7	12927297	0.00e+00	1.51e-10	2.17e+06 6.57e-01	2.27e+01	4.54e+01
0.054	0.0010	1.12e-07	9.57e-08	2860.34	1526.23	757.93	-43.2	12779510	0.00e+00	1.51e-10	2.18e+06 6.67e-01	2.22e+01	4.40e+01
0.055	0.0010	1.05e-07	8.95e-08	2767.16	1524.13	744.96	-43.6	12633413	0.00e+00	1.52e-10	2.19e+06 6.77e-01	2.18e+01	4.25e+01
0.057	0.0011	9.78e-08	8.37e-08	2677.36	1521.94	732.22	-44.1	12488986	0.00e+00	1.52e-10	2.20e+06 6.85e-01	2.13e+01	4.12e+01
0.058	0.0011	9.15e-08	7.83e-08	2589.99	1519.84	719.68	-44.5	12346210	0.00e+00	1.52e-10	2.21e+06 6.95e-01	2.09e+01	3.98e+01
0.059	0.0011	8.56e-08	7.32e-08	2505.79	1517.65	707.37	-45.0	12205067	0.00e+00	1.53e-10	2.21e+06 7.04e-01	2.05e+01	3.85e+01
0.061	0.0012	8.00e-08	6.85e-08	2424.33	1515.45	695.27	-45.4	12065537	0.00e+00	1.53e-10	2.22e+06 7.12e-01	2.01e+01	3.73e+01
0.062	0.0012	7.49e-08	6.41e-08	2345.52	1513.26	683.37	-45.9	11927602	0.00e+00	1.53e-10	2.22e+06 7.21e-01	1.97e+01	3.61e+01
0.064	0.0013	7.00e-08	5.99e-08	2269.29	1511.07	671.68	-46.3	11791244	0.00e+00	1.53e-10	2.23e+06 7.29e-01	1.93e+01	3.49e+01
0.065	0.0013	6.55e-08	5.61e-08	2195.53	1508.87	660.19	-46.8	11656444	0.00e+00	1.54e-10	2.23e+06 7.38e-01	1.89e+01	3.37e+01
0.067	0.0014	6.13e-08	5.24e-08	2124.18	1506.68	648.89	-47.3	11523186	0.00e+00	1.54e-10	2.24e+06 7.47e-01	1.85e+01	3.27e+01
0.068	0.0014	5.73e-08	4.90e-08	2055.28	1504.39	637.79	-47.7	11391452	0.00e+00	1.54e-10	2.24e+06 7.54e-01	1.81e+01	3.16e+01
0.070	0.0014	5.36e-08	4.59e-08	1988.49	1502.20	626.88	-48.2	11261223	0.00e+00	1.54e-10	2.24e+06 7.62e-01	1.77e+01	3.06e+01
0.071	0.0015	5.02e-08	4.29e-08	1923.88	1500.00	616.15	-48.7	11132483	0.00e+00	1.54e-10	2.25e+06 7.71e-01	1.74e+01	2.96e+01
0.073	0.0015	4.69e-08	4.01e-08	1861.49	1497.71	605.61	-49.2	11005215	0.00e+00	1.54e-10	2.25e+06 7.78e-01	1.70e+01	2.86e+01
0.075	0.0016	4.39e-08	3.76e-08	1801.24	1495.43	595.25	-49.7	10879402	0.00e+00	1.54e-10	2.25e+06 7.85e-01	1.66e+01	2.77e+01
0.077	0.0017	4.11e-08	3.51e-08	1742.61	1493.23	585.07	-50.2	10755027	0.00e+00	1.54e-10	2.25e+06 7.93e-01	1.63e+01	2.68e+01
0.078	0.0017	3.84e-08	3.29e-08	1686.00	1491.04	575.06	-50.7	10632074	0.00e+00	1.54e-10	2.26e+06 8.01e-01	1.60e+01	2.59e+01
0.080	0.0018	3.59e-08	3.07e-08	1631.34	1488.75	565.22	-51.2	10510526	0.00e+00	1.54e-10	2.26e+06 8.07e-01	1.56e+01	2.51e+01
0.082	0.0018	3.36e-08	2.88e-08	1578.36	1486.56	555.55	-51.7	10390369	0.00e+00	1.54e-10	2.26e+06 8.15e-01	1.53e+01	2.43e+01
0.084	0.0019	3.14e-08	2.69e-08	1527.19	1484.27	546.04	-52.2	10271584	0.00e+00	1.54e-10	2.26e+06 8.21e-01	1.50e+01	2.35e+01
0.086	0.0020	2.94e-08	2.52e-08	1477.59	1482.07	536.70	-52.8	10154158	0.00e+00	1.54e-10	2.26e+06 8.28e-01	1.47e+01	2.27e+01
0.088	0.0020	2.75e-08	2.35e-08	1429.79	1479.88	527.52	-53.3	10038074	0.00e+00	1.54e-10	2.26e+06 8.35e-01	1.44e+01	2.20e+01
0.090	0.0021	2.57e-08	2.20e-08	1383.37	1477.59	518.50	-53.8	9923318	0.00e+00	1.53e-10	2.26e+06 8.40e-01	1.40e+01	2.13e+01
0.092	0.0022	2.41e-08	2.06e-08	1338.36	1475.40	509.63	-54.4	9809873	0.00e+00	1.53e-10	2.26e+06 8.47e-01	1.37e+01	2.06e+01
0.094	0.0022	2.25e-08	1.93e-08	1294.99	1473.21	500.91	-54.9	9697725	0.00e+00	1.53e-10	2.27e+06 8.52e-01	1.35e+01	1.99e+01
0.096	0.0023	2.11e-08	1.80e-08	1253.03	1470.92	492.34	-55.5	9586859	0.00e+00	1.53e-10	2.26e+06 8.57e-01	1.32e+01	1.93e+01
0.099	0.0024	1.97e-08	1.69e-08	1212.35	1468.72	483.92	-56.0	9477261	0.00e+00	1.53e-10	2.26e+06 8.62e-01	1.29e+01	1.86e+01
0.101	0.0025	1.84e-08	1.58e-08	1173.00	1466.53	475.64	-56.6	9368916	0.00e+00	1.53e-10	2.27e+06 8.67e-01	1.26e+01	1.80e+01
0.103	0.0026	1.72e-08	1.48e-08	1134.93	1464.34	467.51	-57.2	9261809	0.00e+00	1.53e-10	2.27e+06 8.72e-01	1.23e+01	1.74e+01
0.106	0.0027	1.61e-08	1.38e-08	1098.09	1462.14	459.51	-57.7	9155926	0.00e+00	1.53e-10	2.27e+06 8.76e-01	1.21e+01	1.69e+01
0.108	0.0027	1.51e-08	1.29e-08	1062.45	1459.95	451.65	-58.3	9051255	0.00e+00	1.52e-10	2.27e+06 8.80e-01	1.18e+01	1.63e+01
0.111	0.0028	1.41e-08	1.21e-08	1027.97	1457.76	443.92	-58.9	8947779	0.00e+00	1.52e-10	2.27e+06 8.83e-01	1.16e+01	1.58e+01
0.113	0.0029	1.32e-08	1.13e-08	994.62	1455.56	436.33	-59.5	8845487	0.00e+00	1.52e-10	2.27e+06 8.85e-01	1.13e+01	1.53e+01
0.116	0.0030	1.24e-08	1.06e-08	962.34	1453.37	428.87	-60.1	8744364	0.00e+00	1.52e-10	2.27e+06 8.88e-01	1.11e+01	1.48e+01
0.118	0.0031	1.16e-08	9.89e-09	931.12	1451.27	421.53	-60.7	8644397	0.00e+00	1.52e-10	2.27e+06 8.90e-01	1.08e+01	1.43e+01
0.121	0.0032	1.08e-08	9.26e-09	901.74	1447.65	414.33	-61.2	8545573	0.00e+00	1.48e-10	2.22e+06 8.71e-01	1.05e+01	1.39e+01
0.124	0.0033	1.03e-08	8.78e-09	880.27	1432.77	407.30	-61.3	8447879	0.00e+00	1.20e-10	1.80e+06 7.11e-01	9.83e+00	1.35e+01
0.127	0.0034	9.72e-09	8.32e-09	859.00	1418.47	400.40	-61.4	8351302	0.00e+00	9.74e-11	1.48e+06 5.82e-01	9.21e+00	1.32e+01
0.130	0.0035	9.19e-09	7.86e-09	836.91	1406.45	393.61	-61.6	8255829	0.00e+00	8.19e-11	1.25e+06 4.93e-01	8.70e+00	1.29e+01
0.133	0.0037	8.67e-09	7.42e-09	814.39	1396.44	386.93	-61.8	8161447	0.00e+00	7.12e-11	1.09e+06 4.31e-01	8.28e+00	1.25e+01
0.136	0.0038	8.18e-09	7.00e-09	792.40	1386.52	380.37	-62.1	8068144	0.00e+00	6.18e-11	9.51e+05 3.76e-01	7.89e+00	1.22e+01
0.139	0.0039	7.72e-09	6.61e-09	771.32	1375.93	373.93	-62.4	7975908	0.00e+00	5.29e-11	8.18e+05 3.23e-01	7.49e+00	1.19e+01
0.142	0.0040	7.27e-09	6.22e-09	749.58	1368.02	367.59	-62.7	7884726	0.00e+00	4.74e-11	7.36e+05 2.90e-01	7.18e+00	1.15e+01
0.146	0.0041	6.83e-09	5.84e-09	727.41	1361.82	361.34	-63.2	7794587	0.00e+00	4.37e-11	6.82e+05 2.68e-01	6.92e+00	1.12e+01
0.149	0.0043	6.41e-09	5.49e-09	705.32	1356.95	355.18	-63.7	7705478	0.00e+00	4.14e-11	6.46e+05 2.54e-01	6.69e+00	1.08e+01
0.153	0.0044	6.01e-09	5.14e-09	683.32	1353.14	349.12	-64.2	7617388	0.00e+00	3.99e-11	6.24e+05 2.44e-01	6.49e+00	1.05e+01
0.156	0.0046	5.63e-09	4.82e-09	662.02	1349.33	343.17	-64.8	7530305	0.00e+00	3.84e-11	6.03e+05 2.35e-01	6.29e+00	1.02e+01
0.160	0.0047	5.33e-09	4.56e-09	645.51	1336.74	337.41	-64.9	7444217	0.00e+00	3.13e-11	4.94e+05 1.92e-01	5.93e+00	9.92e+00
0.163	0.0049	5.04e-09	4.31e-09	629.32	1324.72	331.76	-65.1	7359114	0.00e+00	2.57e-11	4.08e+05 1.58e-01	5.59e+00	9.67e+00
0.167	0.0050	4.76e-09	4.08e-09	612.97	1313.94	326.20	-65.3	7274983	0.00e+00	2.15e-11	3.43e+05 1.32e-01	5.28e+00	9.42e+00
0.171	0.0052	4.50e-09	3.85e-09	596.78	1303.84	320.73	-65.5	7191815	0.00e+00	1.82e-11	2.92e+05 1.12e-01	5.00e+00	9.17e+00
0.175	0.0053	4.24e-09	3.63e-09	580.49	1294.87	315.34	-65.8	7109597	0.00e+00	1.57e-11	2.53e+05 9.66e-02	4.73e+00	8.92e+00
0.179	0.0055	4.00e-09	3.42e-09	564.30	1287.05	310.04	-66.2	7028319	0.00e+00	1.38e-11	2.24e+05 8.49e-02	4.50e+00	8.67e+00
0.183	0.0057	3.76e-09	3.22e-09	548.17	1279.99	304.81	-66.6	6947970	0.00e+00	1.24e-11	2.01e+05 7.57e-02	4.28e+00	8.43e+00
0.188	0.0059	3.54e-09	3.03e-09	532.25	1273.61	299.67	-67.0	6868540	0.00e+00	1.12e-11	1.83e+05 6.82e-02	4.08e+00	8.18e+00
0.192	0.0061	3.32e-09	2.84e-09	516.48	1267.88	294.60	-67.5	6790018	0.00e+00	1.03e-11	1.68e+05 6.22e-02	3.90e+00	7.94e+00
0.197	0.0063	3.12e-09	2.67e-09	500.97	1262.83	289.61	-68.0	6712393	0.00e+00	9.54e-12	1.57e+05 5.74e-02	3.73e+00	7.70e+00
0.201	0.0065	2.93e-09	2.51e-09	486.15	1257.20	284.71	-68.5	6635656	0.00e+00	8.75e-12	1.44e+05 5.22e-02	3.56e+00	7.47e+00
0.206	0.0066	2.78e-09	2.38e-09	475.00	1243.09	280.00	-68.5	6559797	0.00e+00	6.66e-12	1.10e+05 3.98e-02	3.19e+00	7.30e+00
0.211	0.0068	2.64e-09	2.26e-09	463.80	1230.02	275.23	-68.6	6484804	0.00e+00	5.15e-12	8.60e+04 3.03e-02	2.78e+00	6.84e+00
0.215	0.0071	2.50e-09	2.14e-09	452.67	1217.53	270.30	-68.7	6410669	0.00e+00	4.01e-12	6.74e+04 2.23e-02	2.28e+00	5.79e+00
0.220	0.0073	2.37e-09	2.03e-09	441.51	1205.90	265.46	-68.8	6337381	0.00e+00	3.17e-12	5.36e+04 1.65e-02	1.86e+00	4.93e+00
0.226	0.0075	2.24e-09	1.92e-09	430.42	1195.02	260.71	-69.0	6264931	0.00e+00	2.54e-12	4.32e+04 1.23e-02	1.50e+00	4.23e+00
0.231	0.0077	2.12e-09	1.81e-09	419.37	1185.01	256.07	-69.2	6193310	0.00e+00	2.06e-12	3.53e+04 9.33e-03	1.20e+00	3.65e+00
0.236	0.0080	2.00e-09	1.71e-09	408.41	1175.47	251.54	-69.4	6122507	0.00e+00	1.69e-12	2.91e+04 7.12e-03	9.57e-01	3.17e+00
0.242	0.0081	1.94e-09	1.66e-09	404.57	1146.29	246.87	-68.5	6052514	0.00e+00	8.39e-13	1.47e+04 2.70e-03	3.97e-01	2.17e+00
0.247	0.0083	1.88e-09	1.61e-09	400.86	1117.78	242.51	-67.5	5983320	0.00e+00	4.08e-13	7.28e+03 9.65e-04	1.45e-01	1.48e+00
0.253	0.0085	1.82e-09	1.56e-09	397.02	1090.31	238.33	-66.6	5914918	0.00e+00	1.97e-13	3.58e+03 3.37e-04	5.07e-02	9.99e-01
0.259	0.0087	1.77e-09	1.51e-09	394.00	1061.42	234.24	-65.6	5847298	0.00e+00	8.83e-14	1.63e+03 1.07e-04	1.61e-02	6.52e-01
0.265	0.0089	1.72e-09	1.47e-09	390.97	1033.38	230.23	-64.6	5780451	0.00e+00	3.92e-14	7.38e+02 3.53e-05	5.30e-03	4.24e-01
0.271	0.0090	1.67e-09	1.43e-09	387.88	1006.20	226.30	-63.7	5714368	0.00e+00	1.76e-14	3.37e+02 1.33e-05	1.99e-03	2.77e-01
0.277	0.0092	1.62e-09	1.39e-09	384.83	979.88	222.43	-62.7	5649041	0.00e+00	8.32e-15	1.62e+02 6.45e-06	9.67e-04	1.86e-01
0.284	0.0094	1.58e-09	1.35e-09	381.78	954.23	218.63	-61.8	5584460	0.00e+00	4.55e-15	9.04e+01 4.19e-06	6.29e-04	1.34e-01
0.291	0.0096	1.53e-09	1.31e-09	378.67	929.45	214.89	-60.9	5520618	0.00e+00	3.33e-15	6.74e+01 3.46e-06	5.19e-04	1.12e-01
0.297	0.0099	1.48e-09	1.27e-09	375.58	905.33	211.21	-60.0	5457505	0.00e+00	3.14e-15	6.46e+01 3.31e-06	4.97e-04	1.06e-01
0.304	0.0101	1.44e-09	1.23e-09	372.45	881.96	207.60	-59.1	5395114	0.00e+00	3.21e-15	6.73e+01 3.34e-06	5.01e-04	1.04e-01
0.311	0.0103	1.40e-09	1.20e-09	369.29	859.31	204.05	-58.2	5333436	0.00e+00	3.34e-15	7.13e+01 3.40e-06	5.11e-04	1.04e-01
0.319	0.0105	1.36e-09	1.16e-09	366.18	837.28	200.57	-57.4	5272464	0.00e+00	3.49e-15	7.56e+01 3.49e-06	5.23e-04	1.03e-01
0.326	0.0107	1.32e-09	1.13e-09	362.98	816.02	197.14	-56.6	5212188	0.00e+00	3.64e-15	8.03e+01 3.59e-06	5.39e-04	1.03e-01
0.333	0.0110	1.28e-09	1.09e-09	359.78	795.37	193.77	-55.8	5152602	0.00e+00	3.80e-15	8.53e+01 3.71e-06	5.56e-04	1.02e-01
0.341	0.0112	1.24e-09	1.06e-09	356.60	775.25	190.45	-55.0	5093696	0.00e+00	3.96e-15	9.06e+01 3.84e-06	5.76e-04	1.02e-01
0.349	0.0115	1.20e-09	1.03e-09	353.31	755.94	187.20	-54.3	5035465	0.00e+00	4.14e-15	9.63e+01 3.99e-06	5.98e-04	1.01e-01
0.357	0.0117	1.16e-09	9.96e-10	350.05	737.05	184.00	-53.5	4977898	0.00e+00	4.33e-15	1.02e+02 4.15e-06	6.23e-04	1.01e-01
0.366	0.0120	1.12e-09	9.58e-10	345.13	722.27	180.85	-53.1	4920990	0.00e+00	4.58e-15	1.10e+02 4.41e-06	6.61e-04	1.00e-01
0.374	0.0124	1.06e-09	9.07e-10	336.53	715.55	177.76	-53.2	4864733	0.00e+00	5.01e-15	1.21e+02 4.87e-06	7.31e-04	1.01e-01
0.383	0.0127	1.00e-09	8.58e-10	328.19	708.92	174.72	-53.3	4809119	0.00e+00	5.47e-15	1.33e+02 5.39e-06	8.09e-04	1.01e-01
0.392	0.0131	9.50e-10	8.12e-10	320.03	702.34	171.74	-53.4	4754140	0.00e+00	5.97e-15	1.46e+02 5.96e-06	8.94e-04	1.01e-01
0.401	0.0135	8.99e-10	7.69e-10	312.08	695.81	168.80	-53.5	4699790	0.00e+00	6.51e-15	1.60e+02 6.58e-06	9.88e-04	1.01e-01
0.410	0.0139	8.51e-10	7.28e-10	304.31	689.37	165.91	-53.6	4646061	0.00e+00	7.10e-15	1.76e+02 7.28e-06	1.09e-03	1.01e-01
0.420	0.0144	8.05e-10	6.89e-10	296.75	682.98	163.08	-53.8	4592947	0.00e+00	7.73e-15	1.92e+02 8.04e-06	1.21e-03	1.01e-01
0.429	0.0148	7.62e-10	6.52e-10	289.37	676.64	160.29	-53.9	4540440	0.00e+00	8.42e-15	2.11e+02 8.88e-06	1.33e-03	1.01e-01
0.439	0.0151	7.35e-10	6.29e-10	285.74	662.00	157.55	-53.3	4488533	0.00e+00	8.86e-15	2.25e+02 9.40e-06	1.41e-03	1.01e-01
0.450	0.0155	7.10e-10	6.08e-10	282.55	646.79	154.86	-52.7	4437219	0.00e+00	9.28e-15	2.40e+02 9.92e-06	1.49e-03	1.00e-01
0.460	0.0159	6.86e-10	5.87e-10	279.37	631.96	152.21	-52.1	4386492	0.00e+00	9.73e-15	2.55e+02 1.05e-05	1.57e-03	9.97e-02
0.471	0.0162	6.64e-10	5.68e-10	276.36	617.13	149.61	-51.5	4336345	0.00e+00	1.02e-14	2.72e+02 1.11e-05	1.66e-03	9.92e-02
0.482	0.0166	6.42e-10	5.49e-10	273.41	602.64	147.05	-50.8	4286772	0.00e+00	1.07e-14	2.89e+02 1.17e-05	1.75e-03	9.87e-02
0.493	0.0170	6.21e-10	5.31e-10	270.50	588.52	144.54	-50.2	4237765	0.00e+00	1.12e-14	3.07e+02 1.23e-05	1.85e-03	9.81e-02
0.505	0.0174	6.00e-10	5.14e-10	267.53	574.89	142.07	-49.6	4189318	0.00e+00	1.17e-14	3.27e+02 1.30e-05	1.96e-03	9.76e-02
0.516	0.0178	5.80e-10	4.97e-10	264.58	561.53	139.64	-49.0	4141425	0.00e+00	1.22e-14	3.48e+02 1.38e-05	2.07e-03	9.71e-02
0.528	0.0182	5.61e-10	4.80e-10	261.67	548.56	137.26	-48.4	4094080	0.00e+00	1.28e-14	3.70e+02 1.46e-05	2.19e-03	9.66e-02
0.541	0.0186	5.42e-10	4.64e-10	258.72	536.02	134.91	-47.9	4047276	0.00e+00	1.34e-14	3.93e+02 1.54e-05	2.32e-03	9.61e-02
0.553	0.0190	5.24e-10	4.48e-10	255.79	523.77	132.60	-47.3	4001007	0.00e+00	1.41e-14	4.19e+02 1.63e-05	2.46e-03	9.56e-02
0.566	0.0195	5.06e-10	4.33e-10	252.90	511.80	130.34	-46.8	3955266	0.00e+00	1.47e-14	4.45e+02 1.73e-05	2.60e-03	9.51e-02
0.579	0.0199	4.89e-10	4.18e-10	249.96	500.26	128.11	-46.3	3910049	0.00e+00	1.54e-14	4.74e+02 1.84e-05	2.76e-03	9.45e-02
0.593	0.0204	4.72e-10	4.04e-10	247.07	488.96	125.92	-45.7	3865349	0.00e+00	1.62e-14	5.04e+02 1.95e-05	2.93e-03	9.40e-02
0.606	0.0209	4.56e-10	3.90e-10	244.19	477.95	123.77	-45.2	3821160	0.00e+00	1.70e-14	5.37e+02 2.07e-05	3.10e-03	9.35e-02
0.621	0.0213	4.40e-10	3.77e-10	241.28	467.28	121.66	-44.7	3777476	0.00e+00	1.78e-14	5.71e+02 2.19e-05	3.30e-03	9.30e-02
0.635	0.0219	4.25e-10	3.64e-10	238.42	456.86	119.58	-44.2	3734291	0.00e+00	1.86e-14	6.08e+02 2.33e-05	3.50e-03	9.25e-02
0.650	0.0224	4.10e-10	3.51e-10	235.60	446.68	117.54	-43.7	3691600	0.00e+00	1.95e-14	6.47e+02 2.47e-05	3.71e-03	9.20e-02
0.665	0.0231	3.86e-10	3.31e-10	228.90	444.15	115.53	-44.0	3649397	0.00e+00	2.13e-14	7.10e+02 2.75e-05	4.14e-03	9.18e-02
0.680	0.0238	3.64e-10	3.11e-10	222.40	441.65	113.55	-44.3	3607677	0.00e+00	2.33e-14	7.78e+02 3.07e-05	4.61e-03	9.16e-02
0.696	0.0246	3.42e-10	2.93e-10	216.08	439.14	111.62	-44.5	3566433	0.00e+00	2.54e-14	8.53e+02 3.41e-05	5.13e-03	9.14e-02
0.712	0.0254	3.22e-10	2.76e-10	209.94	436.67	109.71	-44.8	3525661	0.00e+00	2.77e-14	9.33e+02 3.80e-05	5.71e-03	9.11e-02
0.729	0.0262	3.03e-10	2.60e-10	203.98	434.21	107.83	-45.0	3485356	0.00e+00	3.02e-14	1.02e+03 4.22e-05	6.35e-03	9.09e-02
0.746	0.0270	2.85e-10	2.44e-10	198.17	431.75	105.99	-45.3	3445510	0.00e+00	3.29e-14	1.12e+03 4.69e-05	7.06e-03	9.06e-02
0.763	0.0279	2.69e-10	2.30e-10	192.54	429.30	104.18	-45.6	3406121	0.00e+00	3.58e-14	1.22e+03 5.20e-05	7.83e-03	9.02e-02
0.781	0.0288	2.53e-10	2.16e-10	187.07	426.89	102.40	-45.8	3367182	0.00e+00	3.90e-14	1.33e+03 5.77e-05	8.69e-03	8.99e-02
0.799	0.0297	2.38e-10	2.04e-10	181.75	424.48	100.65	-46.1	3328688	0.00e+00	4.24e-14	1.45e+03 6.39e-05	9.63e-03	8.95e-02
0.818	0.0307	2.24e-10	1.92e-10	176.59	422.07	98.93	-46.4	3290634	0.00e+00	4.61e-14	1.58e+03 7.08e-05	1.07e-02	8.91e-02
0.837	0.0317	2.11e-10	1.81e-10	171.57	419.69	97.25	-46.6	3253015	0.00e+00	5.00e-14	1.73e+03 7.83e-05	1.18e-02	8.86e-02
0.856	0.0327	1.99e-10	1.70e-10	166.69	417.33	95.59	-46.9	3215826	0.00e+00	5.43e-14	1.88e+03 8.66e-05	1.31e-02	8.82e-02
0.876	0.0336	1.90e-10	1.62e-10	163.53	410.99	93.95	-46.7	3179062	0.00e+00	5.76e-14	2.02e+03 9.33e-05	1.41e-02	8.76e-02
0.896	0.0345	1.82e-10	1.56e-10	160.82	403.74	92.35	-46.4	3142718	0.00e+00	6.08e-14	2.16e+03 9.99e-05	1.50e-02	8.70e-02
0.917	0.0354	1.74e-10	1.49e-10	158.16	396.61	90.77	-46.1	3106790	0.00e+00	5.39e-14	1.94e+03 8.28e-05	1.25e-02	7.92e-02
0.939	0.0363	1.67e-10	1.43e-10	155.53	389.60	89.22	-45.9	3071273	0.00e+00	4.28e-14	1.55e+03 5.82e-05	8.77e-03	6.82e-02
0.961	0.0371	1.61e-10	1.38e-10	153.68	380.95	87.70	-45.4	3036162	0.00e+00	3.42e-14	1.26e+03 4.14e-05	6.24e-03	5.92e-02
0.983	0.0380	1.56e-10	1.33e-10	151.93	372.29	86.20	-44.8	3001452	0.00e+00	2.89e-14	1.08e+03 3.20e-05	4.82e-03	5.29e-02
1.006	0.0389	1.51e-10	1.29e-10	150.18	363.85	84.73	-44.3	2967139	0.00e+00	2.54e-14	9.67e+02 2.63e-05	3.96e-03	4.82e-02
1.029	0.0398	1.45e-10	1.24e-10	148.47	355.53	83.29	-43.8	2933218	0.00e+00	2.30e-14	8.87e+02 2.24e-05	3.38e-03	4.45e-02
1.053	0.0407	1.41e-10	1.20e-10	146.79	347.43	81.87	-43.3	2899685	0.00e+00	2.12e-14	8.31e+02 1.98e-05	2.97e-03	4.16e-02
1.078	0.0416	1.36e-10	1.16e-10	145.13	339.49	80.47	-42.8	2866536	0.00e+00	1.99e-14	7.91e+02 1.78e-05	2.68e-03	3.91e-02
1.103	0.0426	1.31e-10	1.12e-10	143.53	331.64	79.10	-42.3	2833765	0.00e+00	1.88e-14	7.61e+02 1.63e-05	2.45e-03	3.70e-02
1.128	0.0436	1.27e-10	1.09e-10	141.94	323.99	77.75	-41.8	2801369	0.00e+00	1.80e-14	7.39e+02 1.52e-05	2.28e-03	3.52e-02
1.155	0.0446	1.23e-10	1.05e-10	140.37	316.50	76.43	-41.3	2769343	0.00e+00	1.74e-14	7.24e+02 1.43e-05	2.15e-03	3.36e-02
1.181	0.0456	1.19e-10	1.01e-10	138.87	309.07	75.13	-40.8	2737684	0.00e+00	1.68e-14	7.13e+02 1.35e-05	2.04e-03	3.21e-02
1.209	0.0467	1.15e-10	9.82e-11	137.39	301.82	73.85	-40.3	2706386	0.00e+00	1.64e-14	7.07e+02 1.30e-05	1.95e-03	3.09e-02
1.237	0.0477	1.11e-10	9.49e-11	135.90	294.79	72.59	-39.8	2675446	0.00e+00	1.61e-14	7.05e+02 1.25e-05	1.88e-03	2.97e-02
1.266	0.0489	1.07e-10	9.13e-11	133.95	288.92	71.35	-39.5	2644860	0.00e+00	1.61e-14	7.15e+02 1.24e-05	1.87e-03	2.88e-02
1.295	0.0501	1.03e-10	8.78e-11	132.04	283.17	70.14	-39.2	2614624	0.00e+00	1.62e-14	7.27e+02 1.24e-05	1.87e-03	2.80e-02
1.325	0.0514	9.87e-11	8.45e-11	130.16	277.52	68.94	-38.8	2584733	0.00e+00	1.63e-14	7.41e+02 1.24e-05	1.87e-03	2.72e-02
1.356	0.0526	9.49e-11	8.12e-11	128.27	272.06	67.77	-38.5	2555184	0.00e+00	1.65e-14	7.58e+02 1.25e-05	1.88e-03	2.65e-02
1.388	0.0539	9.13e-11	7.81e-11	126.39	266.75	66.62	-38.2	2525973	0.00e+00	1.67e-14	7.77e+02 1.26e-05	1.89e-03	2.58e-02
1.420	0.0553	8.78e-11	7.51e-11	124.54	261.53	65.48	-37.9	2497096	0.00e+00	1.69e-14	7.98e+02 1.27e-05	1.92e-03	2.51e-02
1.453	0.0566	8.45e-11	7.23e-11	122.80	256.21	64.37	-37.5	2468548	0.00e+00	1.71e-14	8.19e+02 1.29e-05	1.94e-03	2.45e-02
1.487	0.0579	8.19e-11	7.01e-11	121.73	249.73	63.28	-37.0	2440328	0.00e+00	1.70e-14	8.30e+02 1.27e-05	1.91e-03	2.38e-02
1.521	0.0592	7.95e-11	6.80e-11	120.67	243.38	62.20	-36.5	2412429	0.00e+00	1.70e-14	8.42e+02 1.26e-05	1.90e-03	2.32e-02
1.557	0.0604	7.71e-11	6.60e-11	119.66	237.13	61.15	-35.9	2384850	0.00e+00	1.70e-14	8.56e+02 1.25e-05	1.89e-03	2.26e-02
1.593	0.0617	7.49e-11	6.41e-11	118.70	230.93	60.11	-35.4	2357586	0.00e+00	1.70e-14	8.71e+02 1.25e-05	1.88e-03	2.20e-02
1.630	0.0631	7.27e-11	6.22e-11	117.75	224.89	59.09	-34.9	2330634	0.00e+00	1.70e-14	8.88e+02 1.24e-05	1.87e-03	2.15e-02
1.668	0.0644	7.07e-11	6.05e-11	116.89	218.86	58.09	-34.3	2303990	0.00e+00	1.70e-14	9.05e+02 1.24e-05	1.87e-03	2.10e-02
1.707	0.0658	6.88e-11	5.88e-11	116.06	212.97	57.11	-33.8	2277650	0.00e+00	1.71e-14	9.23e+02 1.24e-05	1.87e-03	2.05e-02
1.746	0.0671	6.69e-11	5.72e-11	115.26	207.17	56.14	-33.3	2251612	0.00e+00	1.71e-14	9.43e+02 1.24e-05	1.87e-03	2.01e-02
1.787	0.0685	6.51e-11	5.57e-11	114.53	201.42	55.19	-32.7	2225871	0.00e+00	1.72e-14	9.64e+02 1.24e-05	1.87e-03	1.96e-02
1.829	0.0699	6.34e-11	5.43e-11	113.81	195.81	54.26	-32.2	2200425	0.00e+00	1.72e-14	9.86e+02 1.24e-05	1.87e-03	1.92e-02
1.871	0.0713	6.18e-11	5.29e-11	113.18	190.24	53.34	-31.6	2175269	0.00e+00	1.73e-14	1.01e+03 1.24e-05	1.88e-03	1.88e-02
1.915	0.0728	6.03e-11	5.16e-11	112.57	184.79	52.44	-31.1	2150401	0.00e+00	1.74e-14	1.03e+03 1.25e-05	1.88e-03	1.84e-02
1.959	0.0742	5.88e-11	5.03e-11	112.00	179.42	51.56	-30.5	2125817	0.00e+00	1.75e-14	1.06e+03 1.25e-05	1.89e-03	1.81e-02
2.005	0.0757	5.74e-11	4.91e-11	111.49	174.13	50.69	-30.0	2101515	0.00e+00	1.75e-14	1.08e+03 1.26e-05	1.89e-03	1.77e-02
2.051	0.0772	5.60e-11	4.79e-11	110.99	168.97	49.84	-29.4	2077490	0.00e+00	1.76e-14	1.11e+03 1.26e-05	1.90e-03	1.74e-02
2.099	0.0787	5.48e-11	4.69e-11	110.59	163.85	49.01	-28.8	2053740	0.00e+00	1.77e-14	1.14e+03 1.27e-05	1.91e-03	1.71e-02
2.148	0.0802	5.35e-11	4.58e-11	110.17	158.90	48.18	-28.3	2030261	0.00e+00	1.78e-14	1.17e+03 1.27e-05	1.92e-03	1.67e-02
2.198	0.0826	5.08e-11	4.34e-11	107.57	157.21	47.37	-28.3	2007051	0.00e+00	1.89e-14	1.24e+03 1.37e-05	2.06e-03	1.65e-02
2.249	0.0851	4.80e-11	4.11e-11	104.89	155.77	46.57	-28.4	1984106	0.00e+00	2.01e-14	1.33e+03 1.48e-05	2.23e-03	1.63e-02
2.301	0.0876	4.55e-11	3.89e-11	102.32	154.27	45.79	-28.4	1961423	0.00e+00	2.13e-14	1.42e+03 1.59e-05	2.40e-03	1.62e-02
2.355	0.0902	4.31e-11	3.69e-11	99.88	152.68	45.02	-28.5	1939000	0.00e+00	2.26e-14	1.52e+03 1.71e-05	2.59e-03	1.60e-02
2.410	0.0929	4.09e-11	3.50e-11	97.58	150.98	44.26	-28.5	1916833	0.00e+00	2.39e-14	1.62e+03 1.84e-05	2.77e-03	1.58e-02
2.466	0.0956	3.89e-11	3.33e-11	95.42	149.18	43.52	-28.5	1894920	0.00e+00	2.53e-14	1.72e+03 1.97e-05	2.98e-03	1.56e-02
2.523	0.0982	3.71e-11	3.18e-11	93.56	146.96	42.79	-28.4	1873257	0.00e+00	2.67e-14	1.84e+03 2.11e-05	3.19e-03	1.54e-02
2.582	0.1007	3.56e-11	3.05e-11	92.06	144.29	42.08	-28.2	1851841	0.00e+00	2.80e-14	1.95e+03 2.25e-05	3.39e-03	1.53e-02
2.642	0.1034	3.41e-11	2.92e-11	90.45	141.88	41.37	-28.0	1830671	0.00e+00	2.95e-14	2.08e+03 2.39e-05	3.61e-03	1.52e-02
2.703	0.1062	3.26e-11	2.79e-11	88.73	139.73	40.68	-27.9	1809742	0.00e+00	3.11e-14	2.21e+03 2.56e-05	3.86e-03	1.50e-02
2.766	0.1090	3.11e-11	2.67e-11	87.15	137.44	40.00	-27.8	1789053	0.00e+00	3.28e-14	2.35e+03 2.73e-05	4.11e-03	1.49e-02
2.831	0.1111	3.05e-11	2.61e-11	86.86	133.23	39.34	-27.2	1768600	0.00e+00	3.36e-14	2.46e+03 2.81e-05	4.24e-03	1.47e-02
2.897	0.1132	2.98e-11	2.55e-11	86.56	129.15	38.70	-26.7	1748382	0.00e+00	3.44e-14	2.57e+03 2.89e-05	4.36e-03	1.46e-02
2.964	0.1153	2.91e-11	2.49e-11	86.29	125.16	38.06	-26.2	1728394	0.00e+00	3.52e-14	2.68e+03 2.98e-05	4.49e-03	1.45e-02
3.033	0.1175	2.85e-11	2.44e-11	86.03	121.29	37.44	-25.7	1708635	0.00e+00	3.60e-14	2.80e+03 3.06e-05	4.61e-03	1.43e-02
3.103	0.1197	2.79e-11	2.39e-11	85.78	117.51	36.83	-25.2	1689101	0.00e+00	3.68e-14	2.92e+03 3.15e-05	4.74e-03	1.42e-02
3.176	0.1220	2.73e-11	2.34e-11	85.55	113.85	36.23	-24.6	1669791	0.00e+00	3.76e-14	3.05e+03 3.24e-05	4.87e-03	1.41e-02
3.249	0.1243	2.67e-11	2.29e-11	85.31	110.29	35.64	-24.2	1650702	0.00e+00	3.85e-14	3.18e+03 3.33e-05	4.99e-03	1.40e-02
3.325	0.1266	2.62e-11	2.24e-11	85.08	106.83	35.06	-23.7	1631831	0.00e+00	3.94e-14	3.32e+03 3.41e-05	5.12e-03	1.39e-02
3.402	0.1290	2.56e-11	2.19e-11	84.85	103.49	34.50	-23.2	1613176	0.00e+00	4.03e-14	3.46e+03 3.50e-05	5.25e-03	1.37e-02
3.482	0.1314	2.51e-11	2.15e-11	84.64	100.24	33.95	-22.7	1594733	0.00e+00	4.12e-14	3.61e+03 3.59e-05	5.38e-03	1.36e-02
3.563	0.1339	2.46e-11	2.10e-11	84.42	97.09	33.40	-22.3	1576502	0.00e+00	4.21e-14	3.76e+03 3.69e-05	5.51e-03	1.35e-02
3.645	0.1364	2.41e-11	2.06e-11	84.20	94.03	32.87	-21.8	1558479	0.00e+00	4.30e-14	3.93e+03 3.78e-05	5.64e-03	1.34e-02
3.730	0.1389	2.35e-11	2.01e-11	83.98	91.09	32.35	-21.4	1540663	0.00e+00	4.40e-14	4.09e+03 3.87e-05	5.77e-03	1.33e-02
3.817	0.1415	2.31e-11	1.97e-11	83.77	88.22	31.84	-20.9	1523050	0.00e+00	4.50e-14	4.27e+03 3.97e-05	5.90e-03	1.31e-02
3.906	0.1442	2.26e-11	1.93e-11	83.54	85.46	31.35	-20.5	1505638	0.00e+00	4.60e-14	4.45e+03 4.06e-05	6.03e-03	1.30e-02
3.997	0.1469	2.21e-11	1.89e-11	83.32	82.78	30.86	-20.1	1488425	0.00e+00	4.70e-14	4.64e+03 4.16e-05	6.16e-03	1.29e-02
4.090	0.1496	2.16e-11	1.85e-11	83.09	80.19	30.38	-19.7	1471409	0.00e+00	4.81e-14	4.84e+03 4.26e-05	6.29e-03	1.28e-02
4.185	0.1525	2.12e-11	1.81e-11	82.86	77.69	29.91	-19.3	1454588	0.00e+00	4.92e-14	5.05e+03 4.36e-05	6.42e-03	1.27e-02
4.282	0.1553	2.07e-11	1.77e-11	82.62	75.27	29.46	-18.9	1437959	0.00e+00	5.03e-14	5.27e+03 4.46e-05	6.54e-03	1.26e-02
4.382	0.1583	2.03e-11	1.73e-11	82.37	72.94	29.01	-18.6	1421520	0.00e+00	5.15e-14	5.50e+03 4.56e-05	6.67e-03	1.25e-02
4.484	0.1613	1.98e-11	1.70e-11	82.12	70.69	28.57	-18.2	1405269	0.00e+00	5.26e-14	5.73e+03 4.66e-05	6.79e-03	1.24e-02
4.588	0.1644	1.94e-11	1.66e-11	81.85	68.52	28.15	-17.8	1389204	0.00e+00	5.39e-14	5.98e+03 4.76e-05	6.92e-03	1.22e-02
4.695	0.1675	1.90e-11	1.62e-11	81.57	66.42	27.73	-17.5	1373322	0.00e+00	5.52e-14	6.24e+03 4.86e-05	7.04e-03	1.21e-02
4.804	0.1707	1.86e-11	1.59e-11	81.29	64.39	27.32	-17.1	1357622	0.00e+00	5.65e-14	6.51e+03 4.96e-05	7.15e-03	1.20e-02
4.916	0.1740	1.81e-11	1.55e-11	80.99	62.44	26.92	-16.8	1342102	0.00e+00	5.79e-14	6.80e+03 5.07e-05	7.27e-03	1.19e-02
5.030	0.1774	1.77e-11	1.52e-11	80.68	60.55	26.54	-16.5	1326759	0.00e+00	5.93e-14	7.09e+03 5.17e-05	7.38e-03	1.18e-02
5.147	0.1808	1.73e-11	1.48e-11	80.35	58.74	26.16	-16.2	1311591	0.00e+00	6.08e-14	7.41e+03 5.28e-05	7.49e-03	1.17e-02
5.267	0.1844	1.69e-11	1.45e-11	80.02	56.99	25.79	-15.9	1296597	0.00e+00	6.23e-14	7.73e+03 5.38e-05	7.60e-03	1.16e-02
5.389	0.1880	1.65e-11	1.41e-11	79.66	55.30	25.43	-15.6	1281774	0.00e+00	6.40e-14	8.08e+03 5.49e-05	7.70e-03	1.15e-02
5.515	0.1917	1.61e-11	1.38e-11	79.29	53.67	25.07	-15.3	1267120	0.00e+00	6.56e-14	8.44e+03 5.59e-05	7.80e-03	1.14e-02
5.643	0.1955	1.57e-11	1.35e-11	78.91	52.11	24.73	-15.0	1252634	0.00e+00	6.74e-14	8.82e+03 5.70e-05	7.89e-03	1.13e-02
5.774	0.1994	1.53e-11	1.31e-11	78.50	50.59	24.40	-14.8	1238314	0.00e+00	6.92e-14	9.22e+03 5.80e-05	7.98e-03	1.12e-02
5.908	0.2034	1.50e-11	1.28e-11	78.09	49.14	24.07	-14.5	1224157	0.00e+00	7.11e-14	9.63e+03 5.91e-05	8.07e-03	1.11e-02
6.046	0.2075	1.46e-11	1.25e-11	77.65	47.74	23.75	-14.3	1210163	0.00e+00	7.31e-14	1.01e+04 6.01e-05	8.15e-03	1.10e-02
6.187	0.2118	1.42e-11	1.22e-11	77.20	46.39	23.44	-14.0	1196328	0.00e+00	7.52e-14	1.05e+04 6.12e-05	8.22e-03	1.09e-02
6.330	0.2161	1.38e-11	1.18e-11	76.72	45.09	23.14	-13.8	1182651	0.00e+00	7.74e-14	1.10e+04 6.22e-05	8.29e-03	1.08e-02
6.478	0.2206	1.35e-11	1.15e-11	76.24	43.84	22.85	-13.6	1169131	0.00e+00	7.96e-14	1.15e+04 6.32e-05	8.35e-03	1.07e-02
6.628	0.2252	1.31e-11	1.12e-11	75.73	42.64	22.56	-13.3	1155765	0.00e+00	8.20e-14	1.21e+04 6.42e-05	8.41e-03	1.06e-02
6.783	0.2299	1.27e-11	1.09e-11	75.21	41.48	22.29	-13.1	1142553	0.00e+00	8.45e-14	1.26e+04 6.52e-05	8.46e-03	1.05e-02
6.940	0.2347	1.24e-11	1.06e-11	74.66	40.37	22.02	-12.9	1129491	0.00e+00	8.71e-14	1.33e+04 6.62e-05	8.50e-03	1.04e-02
7.102	0.2397	1.20e-11	1.03e-11	74.10	39.29	21.75	-12.7	1116578	0.00e+00	8.99e-14	1.39e+04 6.72e-05	8.54e-03	1.03e-02
7.267	0.2448	1.17e-11	1.00e-11	73.52	38.26	21.50	-12.5	1103813	0.00e+00	9.28e-14	1.46e+04 6.82e-05	8.58e-03	1.02e-02
7.436	0.2501	1.14e-11	9.72e-12	72.93	37.26	21.25	-12.3	1091194	0.00e+00	9.58e-14	1.53e+04 6.91e-05	8.60e-03	1.01e-02
7.609	0.2555	1.10e-11	9.43e-12	72.32	36.31	21.01	-12.2	1078720	0.00e+00	9.90e-14	1.60e+04 7.00e-05	8.62e-03	1.00e-02
7.786	0.2611	1.07e-11	9.15e-12	71.69	35.38	20.77	-12.0	1066388	0.00e+00	1.02e-13	1.68e+04 7.09e-05	8.64e-03	9.94e-03
7.967	0.2669	1.04e-11	8.87e-12	71.04	34.49	20.54	-11.8	1054197	0.00e+00	1.06e-13	1.76e+04 7.18e-05	8.64e-03	9.85e-03
8.153	0.2728	1.01e-11	8.60e-12	70.38	33.64	20.32	-11.7	1042145	0.00e+00	1.10e-13	1.85e+04 7.26e-05	8.65e-03	9.76e-03
8.342	0.2789	9.74e-12	8.33e-12	69.70	32.81	20.10	-11.5	1030231	0.00e+00	1.13e-13	1.94e+04 7.34e-05	8.64e-03	9.66e-03
8.536	0.2851	9.43e-12	8.07e-12	69.01	32.02	19.89	-11.4	1018453	0.00e+00	1.17e-13	2.04e+04 7.42e-05	8.63e-03	9.57e-03
8.735	0.2916	9.12e-12	7.81e-12	68.30	31.25	19.69	-11.2	1006810	0.00e+00	1.22e-13	2.14e+04 7.50e-05	8.62e-03	9.48e-03
8.938	0.2983	8.83e-12	7.55e-12	67.59	30.52	19.49	-11.1	995300	0.00e+00	1.26e-13	2.25e+04 7.57e-05	8.60e-03	9.39e-03
9.146	0.3051	8.54e-12	7.30e-12	66.85	29.80	19.30	-11.0	983922	0.00e+00	1.31e-13	2.37e+04 7.64e-05	8.57e-03	9.30e-03
9.359	0.3122	8.25e-12	7.06e-12	66.10	29.12	19.11	-10.8	972673	0.00e+00	1.36e-13	2.49e+04 7.71e-05	8.54e-03	9.21e-03
9.576	0.3194	7.97e-12	6.82e-12	65.34	28.46	18.92	-10.7	961554	0.00e+00	1.41e-13	2.62e+04 7.77e-05	8.51e-03	9.12e-03
9.799	0.3269	7.69e-12	6.58e-12	64.58	27.82	18.75	-10.6	950561	0.00e+00	1.47e-13	2.76e+04 7.83e-05	8.47e-03	9.03e-03
10.027	0.3347	7.43e-12	6.35e-12	63.79	27.21	18.57	-10.5	939694	0.00e+00	1.53e-13	2.91e+04 7.89e-05	8.42e-03	8.94e-03
10.260	0.3426	7.16e-12	6.13e-12	63.00	26.62	18.40	-10.4	928951	0.00e+00	1.59e-13	3.06e+04 7.95e-05	8.37e-03	8.85e-03
10.499	0.3508	6.91e-12	5.91e-12	62.20	26.04	18.24	-10.3	918331	0.00e+00	1.65e-13	3.22e+04 8.00e-05	8.32e-03	8.76e-03
10.743	0.3592	6.66e-12	5.70e-12	61.40	25.49	18.07	-10.2	907833	0.00e+00	1.72e-13	3.40e+04 8.04e-05	8.27e-03	8.67e-03
10.993	0.3679	6.41e-12	5.49e-12	60.57	24.96	17.92	-10.1	897454	0.00e+00	1.79e-13	3.58e+04 8.08e-05	8.21e-03	8.59e-03
11.249	0.3769	6.18e-12	5.28e-12	59.76	24.45	17.76	-10.0	887195	0.00e+00	1.87e-13	3.78e+04 8.12e-05	8.14e-03	8.50e-03
11.511	0.3862	5.94e-12	5.09e-12	58.93	23.95	17.61	-9.9	877052	0.00e+00	1.95e-13	3.98e+04 8.16e-05	8.08e-03	8.41e-03
11.778	0.3957	5.72e-12	4.89e-12	58.09	23.47	17.47	-9.8	867025	0.00e+00	2.03e-13	4.20e+04 8.19e-05	8.01e-03	8.33e-03
12.052	0.4055	5.50e-12	4.71e-12	57.26	23.00	17.32	-9.7	857114	0.00e+00	2.12e-13	4.43e+04 8.22e-05	7.94e-03	8.24e-03
12.333	0.4156	5.29e-12	4.52e-12	56.41	22.55	17.18	-9.6	847315	0.00e+00	2.22e-13	4.68e+04 8.25e-05	7.87e-03	8.16e-03
12.620	0.4260	5.08e-12	4.35e-12	55.57	22.12	17.05	-9.5	837628	0.00e+00	2.32e-13	4.94e+04 8.27e-05	7.79e-03	8.07e-03
12.913	0.4368	4.88e-12	4.18e-12	54.72	21.70	16.91	-9.5	828052	0.00e+00	2.42e-13	5.22e+04 8.29e-05	7.71e-03	7.99e-03
13.214	0.4479	4.69e-12	4.01e-12	53.88	21.30	16.78	-9.4	818586	0.00e+00	2.53e-13	5.51e+04 8.30e-05	7.63e-03	7.90e-03
13.521	0.4593	4.50e-12	3.85e-12	53.02	20.91	16.65	-9.3	809228	0.00e+00	2.65e-13	5.82e+04 8.31e-05	7.55e-03	7.82e-03
13.835	0.4711	4.31e-12	3.69e-12	52.17	20.53	16.53	-9.3	799977	0.00e+00	2.77e-13	6.15e+04 8.32e-05	7.47e-03	7.73e-03
14.157	0.4833	4.14e-12	3.54e-12	51.33	20.16	16.40	-9.2	790831	0.00e+00	2.90e-13	6.50e+04 8.33e-05	7.39e-03	7.65e-03
14.487	0.4958	3.97e-12	3.39e-12	50.47	19.80	16.28	-9.2	781790	0.00e+00	3.04e-13	6.88e+04 8.33e-05	7.30e-03	7.57e-03
14.824	0.5087	3.80e-12	3.25e-12	49.63	19.46	16.16	-9.1	772853	0.00e+00	3.18e-13	7.27e+04 8.33e-05	7.22e-03	7.49e-03
15.168	0.5220	3.64e-12	3.12e-12	48.78	19.12	16.04	-9.0	764017	0.00e+00	3.33e-13	7.69e+04 8.33e-05	7.13e-03	7.40e-03
15.521	0.5358	3.49e-12	2.98e-12	47.94	18.80	15.93	-9.0	755283	0.00e+00	3.49e-13	8.14e+04 8.32e-05	7.04e-03	7.32e-03
15.882	0.5499	3.34e-12	2.85e-12	47.09	18.49	15.81	-9.0	746648	0.00e+00	3.66e-13	8.61e+04 8.32e-05	6.95e-03	7.24e-03
16.252	0.5645	3.19e-12	2.73e-12	46.26	18.18	15.70	-8.9	738113	0.00e+00	3.84e-13	9.11e+04 8.31e-05	6.87e-03	7.16e-03
16.630	0.5796	3.05e-12	2.61e-12	45.43	17.89	15.59	-8.9	729674	0.00e+00	4.03e-13	9.65e+04 8.29e-05	6.78e-03	7.08e-03
17.017	0.5951	2.92e-12	2.50e-12	44.60	17.60	15.48	-8.8	721333	0.00e+00	4.23e-13	1.02e+05 8.28e-05	6.69e-03	7.00e-03
17.413	0.6111	2.79e-12	2.39e-12	43.77	17.32	15.38	-8.8	713086	0.00e+00	4.45e-13	1.08e+05 8.26e-05	6.60e-03	6.92e-03
17.818	0.6276	2.67e-12	2.28e-12	42.96	17.06	15.27	-8.7	704934	0.00e+00	4.67e-13	1.15e+05 8.24e-05	6.51e-03	6.84e-03
18.232	0.6447	2.55e-12	2.18e-12	42.15	16.80	15.17	-8.7	696875	0.00e+00	4.91e-13	1.21e+05 8.23e-05	6.42e-03	6.76e-03
18.656	0.6622	2.43e-12	2.08e-12	41.34	16.54	15.06	-8.7	688909	0.00e+00	5.16e-13	1.29e+05 8.20e-05	6.34e-03	6.68e-03
19.090	0.6804	2.32e-12	1.99e-12	40.54	16.30	14.96	-8.7	681033	0.00e+00	5.42e-13	1.36e+05 8.18e-05	6.25e-03	6.61e-03
19.534	0.6991	2.22e-12	1.90e-12	39.75	16.06	14.86	-8.6	673247	0.00e+00	5.70e-13	1.44e+05 8.15e-05	6.16e-03	6.53e-03
19.989	0.7184	2.11e-12	1.81e-12	38.97	15.83	14.76	-8.6	665551	0.00e+00	6.00e-13	1.53e+05 8.13e-05	6.07e-03	6.45e-03
20.454	0.7383	2.02e-12	1.72e-12	38.19	15.60	14.66	-8.6	657942	0.00e+00	6.31e-13	1.62e+05 8.10e-05	5.98e-03	6.38e-03
20.930	0.7587	1.92e-12	1.64e-12	37.42	15.38	14.57	-8.5	650420	0.00e+00	6.65e-13	1.72e+05 8.07e-05	5.90e-03	6.30e-03
21.416	0.7799	1.83e-12	1.57e-12	36.66	15.17	14.47	-8.5	642984	0.00e+00	7.00e-13	1.82e+05 8.04e-05	5.81e-03	6.23e-03
21.915	0.8018	1.74e-12	1.49e-12	35.91	14.96	14.38	-8.5	635634	0.00e+00	7.37e-13	1.94e+05 8.01e-05	5.73e-03	6.15e-03
22.424	0.8243	1.66e-12	1.42e-12	35.16	14.76	14.28	-8.5	628367	0.00e+00	7.76e-13	2.05e+05 7.98e-05	5.64e-03	6.08e-03
22.946	0.8476	1.58e-12	1.35e-12	34.43	14.56	14.19	-8.5	621184	0.00e+00	8.18e-13	2.18e+05 7.94e-05	5.56e-03	6.00e-03
23.480	0.8715	1.51e-12	1.29e-12	33.70	14.37	14.09	-8.5	614082	0.00e+00	8.62e-13	2.31e+05 7.91e-05	5.47e-03	5.93e-03
24.026	0.8963	1.43e-12	1.23e-12	32.98	14.19	14.00	-8.4	607062	0.00e+00	9.09e-13	2.45e+05 7.87e-05	5.39e-03	5.86e-03
24.585	0.9218	1.36e-12	1.17e-12	32.28	14.01	13.91	-8.4	600122	0.00e+00	9.58e-13	2.60e+05 7.84e-05	5.31e-03	5.78e-03
25.157	0.9481	1.30e-12	1.11e-12	31.58	13.83	13.82	-8.4	593261	0.00e+00	1.01e-12	2.76e+05 7.80e-05	5.23e-03	5.71e-03
25.742	0.9753	1.23e-12	1.06e-12	30.89	13.66	13.73	-8.4	586479	0.00e+00	1.07e-12	2.93e+05 7.77e-05	5.15e-03	5.64e-03
26.341	1.0034	1.17e-12	1.00e-12	30.22	13.49	13.64	-8.4	579774	0.00e+00	1.12e-12	3.11e+05 7.73e-05	5.07e-03	5.57e-03
26.954	1.0323	1.12e-12	9.54e-13	29.55	13.33	13.55	-8.4	573146	0.00e+00	1.19e-12	3.31e+05 7.69e-05	4.99e-03	5.50e-03
27.581	1.0622	1.06e-12	9.07e-13	28.89	13.17	13.46	-8.4	566594	0.00e+00	1.25e-12	3.51e+05 7.66e-05	4.91e-03	5.43e-03
28.222	1.0929	1.01e-12	8.61e-13	28.24	13.02	13.38	-8.4	560116	0.00e+00	1.32e-12	3.73e+05 7.62e-05	4.83e-03	5.36e-03
28.879	1.1247	9.56e-13	8.18e-13	27.60	12.86	13.29	-8.4	553713	0.00e+00	1.40e-12	3.96e+05 7.58e-05	4.76e-03	5.29e-03
29.551	1.1575	9.08e-13	7.77e-13	26.98	12.72	13.20	-8.4	547383	0.00e+00	1.47e-12	4.21e+05 7.54e-05	4.68e-03	5.22e-03
30.238	1.1914	8.62e-13	7.38e-13	26.36	12.57	13.12	-8.4	541125	0.00e+00	1.56e-12	4.47e+05 7.50e-05	4.60e-03	5.16e-03
30.941	1.2262	8.18e-13	7.00e-13	25.75	12.43	13.03	-8.4	534939	0.00e+00	1.65e-12	4.75e+05 7.46e-05	4.53e-03	5.09e-03
31.661	1.2623	7.76e-13	6.64e-13	25.16	12.30	12.95	-8.4	528823	0.00e+00	1.74e-12	5.05e+05 7.42e-05	4.46e-03	5.02e-03
32.398	1.2995	7.37e-13	6.30e-13	24.57	12.16	12.86	-8.4	522778	0.00e+00	1.84e-12	5.36e+05 7.38e-05	4.39e-03	4.96e-03
33.151	1.3378	6.99e-13	5.98e-13	24.00	12.03	12.78	-8.4	516801	0.00e+00	1.94e-12	5.70e+05 7.34e-05	4.32e-03	4.89e-03
33.922	1.3774	6.63e-13	5.67e-13	23.43	11.90	12.69	-8.4	510893	0.00e+00	2.05e-12	6.06e+05 7.30e-05	4.24e-03	4.83e-03
34.712	1.4182	6.28e-13	5.38e-13	22.88	11.78	12.61	-8.4	505053	0.00e+00	2.17e-12	6.44e+05 7.27e-05	4.18e-03	4.76e-03
35.519	1.4604	5.96e-13	5.10e-13	22.33	11.66	12.53	-8.4	499279	0.00e+00	2.30e-12	6.85e+05 7.23e-05	4.11e-03	4.70e-03
36.345	1.5039	5.65e-13	4.83e-13	21.80	11.54	12.45	-8.5	493571	0.00e+00	2.43e-12	7.28e+05 7.19e-05	4.04e-03	4.64e-03
37.191	1.5487	5.35e-13	4.58e-13	21.28	11.42	12.36	-8.5	487928	0.00e+00	2.57e-12	7.74e+05 7.15e-05	3.97e-03	4.57e-03
38.056	1.5951	5.07e-13	4.34e-13	20.76	11.31	12.28	-8.5	482350	0.00e+00	2.72e-12	8.22e+05 7.11e-05	3.91e-03	4.51e-03
38.941	1.6428	4.80e-13	4.11e-13	20.26	11.19	12.20	-8.5	476836	0.00e+00	2.87e-12	8.74e+05 7.07e-05	3.84e-03	4.45e-03
39.847	1.6921	4.55e-13	3.89e-13	19.77	11.08	12.12	-8.5	471385	0.00e+00	3.04e-12	9.30e+05 7.03e-05	3.78e-03	4.39e-03
40.774	1.7430	4.31e-13	3.69e-13	19.28	10.98	12.04	-8.5	465996	0.00e+00	3.22e-12	9.89e+05 6.99e-05	3.72e-03	4.33e-03
41.723	1.7955	4.08e-13	3.49e-13	18.81	10.87	11.96	-8.5	460669	0.00e+00	3.40e-12	1.05e+06 6.95e-05	3.65e-03	4.27e-03
42.693	1.8496	3.86e-13	3.31e-13	18.35	10.77	11.88	-8.5	455402	0.00e+00	3.60e-12	1.12e+06 6.92e-05	3.59e-03	4.21e-03
43.686	1.9055	3.66e-13	3.13e-13	17.89	10.67	11.81	-8.6	450196	0.00e+00	3.81e-12	1.19e+06 6.88e-05	3.53e-03	4.16e-03
44.703	1.9632	3.46e-13	2.96e-13	17.45	10.57	11.73	-8.6	445049	0.00e+00	4.04e-12	1.26e+06 6.84e-05	3.47e-03	4.10e-03
45.742	2.0227	3.28e-13	2.80e-13	17.02	10.47	11.65	-8.6	439961	0.00e+00	4.28e-12	1.34e+06 6.80e-05	3.41e-03	4.04e-03
46.806	2.0840	3.10e-13	2.65e-13	16.59	10.37	11.57	-8.6	434932	0.00e+00	4.53e-12	1.43e+06 6.76e-05	3.36e-03	3.99e-03
47.895	2.1474	2.93e-13	2.51e-13	16.18	10.28	11.50	-8.6	429959	0.00e+00	4.79e-12	1.52e+06 6.73e-05	3.30e-03	3.93e-03
49.009	2.2128	2.78e-13	2.38e-13	15.77	10.19	11.42	-8.7	425044	0.00e+00	5.08e-12	1.62e+06 6.69e-05	3.24e-03	3.88e-03
50.150	2.2802	2.63e-13	2.25e-13	15.37	10.10	11.34	-8.7	420185	0.00e+00	5.38e-12	1.72e+06 6.65e-05	3.19e-03	3.82e-03
51.316	2.3497	2.48e-13	2.13e-13	14.98	10.01	11.27	-8.7	415381	0.00e+00	5.69e-12	1.83e+06 6.61e-05	3.13e-03	3.77e-03
52.510	2.4216	2.35e-13	2.01e-13	14.60	9.92	11.19	-8.7	410633	0.00e+00	6.03e-12	1.95e+06 6.58e-05	3.08e-03	3.71e-03
53.731	2.4956	2.22e-13	1.90e-13	14.23	9.83	11.12	-8.8	405938	0.00e+00	6.39e-12	2.07e+06 6.54e-05	3.03e-03	3.66e-03
54.981	2.5720	2.10e-13	1.80e-13	13.87	9.75	11.05	-8.8	401297	0.00e+00	6.77e-12	2.20e+06 6.51e-05	2.97e-03	3.61e-03
56.260	2.6509	1.99e-13	1.70e-13	13.51	9.67	10.97	-8.8	396710	0.00e+00	7.17e-12	2.35e+06 6.47e-05	2.92e-03	3.56e-03
57.569	2.7322	1.88e-13	1.61e-13	13.17	9.58	10.90	-8.8	392175	0.00e+00	7.60e-12	2.50e+06 6.43e-05	2.87e-03	3.51e-03
58.908	2.8162	1.77e-13	1.52e-13	12.83	9.50	10.83	-8.9	387691	0.00e+00	8.05e-12	2.65e+06 6.40e-05	2.82e-03	3.46e-03
60.279	2.9028	1.68e-13	1.44e-13	12.50	9.42	10.75	-8.9	383259	0.00e+00	8.53e-12	2.82e+06 6.36e-05	2.77e-03	3.41e-03
61.681	2.9922	1.59e-13	1.36e-13	12.17	9.34	10.68	-8.9	378878	0.00e+00	9.04e-12	3.01e+06 6.33e-05	2.72e-03	3.36e-03
63.116	3.0843	1.50e-13	1.28e-13	11.86	9.27	10.61	-8.9	374546	0.00e+00	9.58e-12	3.20e+06 6.29e-05	2.68e-03	3.31e-03
64.584	3.1795	1.42e-13	1.21e-13	11.55	9.19	10.54	-9.0	370264	0.00e+00	1.01e-11	3.40e+06 6.26e-05	2.63e-03	3.26e-03
66.086	3.2777	1.34e-13	1.14e-13	11.25	9.12	10.47	-9.0	366031	0.00e+00	1.08e-11	3.62e+06 6.23e-05	2.58e-03	3.22e-03
67.624	3.3788	1.26e-13	1.08e-13	10.96	9.04	10.40	-9.0	361847	0.00e+00	1.14e-11	3.85e+06 6.19e-05	2.54e-03	3.17e-03
69.197	3.4834	1.19e-13	1.02e-13	10.67	8.97	10.33	-9.1	357710	0.00e+00	1.21e-11	4.10e+06 6.16e-05	2.49e-03	3.12e-03
70.806	3.5911	1.13e-13	9.65e-14	10.40	8.90	10.26	-9.1	353621	0.00e+00	1.28e-11	4.36e+06 6.12e-05	2.45e-03	3.08e-03
72.454	3.7023	1.07e-13	9.11e-14	10.12	8.83	10.19	-9.1	349578	0.00e+00	1.36e-11	4.64e+06 6.09e-05	2.41e-03	3.03e-03
74.139	3.8170	1.01e-13	8.61e-14	9.86	8.76	10.12	-9.2	345582	0.00e+00	1.44e-11	4.94e+06 6.05e-05	2.36e-03	2.99e-03
75.864	3.9353	9.50e-14	8.13e-14	9.60	8.69	10.05	-9.2	341631	0.00e+00	1.52e-11	5.25e+06 6.02e-05	2.32e-03	2.95e-03
77.628	4.0575	8.98e-14	7.68e-14	9.35	8.62	9.98	-9.2	337725	0.00e+00	1.62e-11	5.59e+06 5.99e-05	2.28e-03	2.90e-03
79.434	4.1836	8.48e-14	7.25e-14	9.10	8.55	9.92	-9.3	333864	0.00e+00	1.71e-11	5.95e+06 5.95e-05	2.24e-03	2.86e-03
81.282	4.3134	8.00e-14	6.85e-14	8.86	8.49	9.85	-9.3	330048	0.00e+00	1.82e-11	6.33e+06 5.92e-05	2.20e-03	2.82e-03
83.173	4.4475	7.56e-14	6.47e-14	8.63	8.42	9.78	-9.3	326274	0.00e+00	1.93e-11	6.74e+06 5.88e-05	2.16e-03	2.78e-03
85.108	4.5858	7.14e-14	6.11e-14	8.40	8.36	9.72	-9.4	322544	0.00e+00	2.04e-11	7.17e+06 5.85e-05	2.12e-03	2.74e-03
87.087	4.7285	6.74e-14	5.77e-14	8.18	8.29	9.65	-9.4	318857	0.00e+00	2.16e-11	7.63e+06 5.82e-05	2.08e-03	2.70e-03
89.113	4.8758	6.36e-14	5.44e-14	7.96	8.23	9.58	-9.4	315212	0.00e+00	2.29e-11	8.12e+06 5.79e-05	2.05e-03	2.66e-03
91.186	5.0276	6.01e-14	5.14e-14	7.75	8.17	9.52	-9.5	311608	0.00e+00	2.43e-11	8.64e+06 5.75e-05	2.01e-03	2.62e-03
93.308	5.1843	5.67e-14	4.85e-14	7.55	8.10	9.46	-9.5	308046	0.00e+00	2.58e-11	9.19e+06 5.72e-05	1.97e-03	2.58e-03
95.478	5.3460	5.35e-14	4.58e-14	7.35	8.04	9.39	-9.5	304524	0.00e+00	2.74e-11	9.78e+06 5.69e-05	1.94e-03	2.54e-03
97.699	5.5128	5.05e-14	4.32e-14	7.15	7.98	9.33	-9.6	301043	0.00e+00	2.90e-11	1.04e+07 5.66e-05	1.90e-03	2.50e-03
99.972	5.6850	4.77e-14	4.08e-14	6.96	7.92	9.26	-9.6	297601	0.00e+00	3.08e-11	1.11e+07 5.63e-05	1.87e-03	2.47e-03
102.298	5.8623	4.50e-14	3.85e-14	6.77	7.86	9.20	-9.7	294199	0.00e+00	3.26e-11	1.18e+07 5.60e-05	1.84e-03	2.43e-03
104.677	6.0453	4.25e-14	3.64e-14	6.59	7.80	9.14	-9.7	290836	0.00e+00	3.46e-11	1.25e+07 5.56e-05	1.80e-03	2.39e-03
107.112	6.2344	4.01e-14	3.43e-14	6.42	7.75	9.08	-9.7	287511	0.00e+00	3.67e-11	1.33e+07 5.53e-05	1.77e-03	2.36e-03
109.604	6.4290	3.79e-14	3.24e-14	6.25	7.69	9.01	-9.8	284224	0.00e+00	3.89e-11	1.42e+07 5.50e-05	1.74e-03	2.32e-03
112.154	6.6304	3.57e-14	3.06e-14	6.08	7.63	8.95	-9.8	280975	0.00e+00	4.12e-11	1.51e+07 5.47e-05	1.71e-03	2.29e-03
114.763	6.8376	3.37e-14	2.88e-14	5.92	7.58	8.89	-9.9	277763	0.00e+00	4.37e-11	1.61e+07 5.44e-05	1.67e-03	2.25e-03
117.432	7.0514	3.18e-14	2.72e-14	5.76	7.52	8.83	-9.9	274587	0.00e+00	4.63e-11	1.71e+07 5.41e-05	1.64e-03	2.22e-03
120.164	7.2721	3.00e-14	2.57e-14	5.60	7.47	8.77	-9.9	271448	0.00e+00	4.91e-11	1.82e+07 5.38e-05	1.61e-03	2.19e-03
122.959	7.4999	2.83e-14	2.42e-14	5.45	7.41	8.71	-10.0	268345	0.00e+00	5.21e-11	1.94e+07 5.35e-05	1.58e-03	2.15e-03
125.820	7.7348	2.67e-14	2.29e-14	5.31	7.36	8.65	-10.0	265277	0.00e+00	5.53e-11	2.06e+07 5.32e-05	1.56e-03	2.12e-03
128.746	7.9770	2.52e-14	2.16e-14	5.17	7.30	8.59	-10.1	262244	0.00e+00	5.86e-11	2.19e+07 5.29e-05	1.53e-03	2.09e-03
131.741	8.2270	2.38e-14	2.04e-14	5.03	7.25	8.53	-10.1	259246	0.00e+00	6.22e-11	2.33e+07 5.27e-05	1.50e-03	2.06e-03
134.806	8.4848	2.25e-14	1.92e-14	4.89	7.20	8.48	-10.2	256283	0.00e+00	6.59e-11	2.48e+07 5.24e-05	1.47e-03	2.03e-03
137.942	8.7508	2.12e-14	1.81e-14	4.76	7.15	8.42	-10.2	253353	0.00e+00	6.99e-11	2.64e+07 5.21e-05	1.44e-03	2.00e-03
141.151	9.0252	2.00e-14	1.71e-14	4.63	7.09	8.36	-10.2	250456	0.00e+00	7.41e-11	2.81e+07 5.18e-05	1.42e-03	1.97e-03
144.434	9.3083	1.89e-14	1.61e-14	4.51	7.04	8.30	-10.3	247593	0.00e+00	7.86e-11	2.99e+07 5.15e-05	1.39e-03	1.94e-03
147.794	9.6003	1.78e-14	1.52e-14	4.39	6.99	8.25	-10.3	244763	0.00e+00	8.34e-11	3.18e+07 5.12e-05	1.37e-03	1.91e-03
151.232	9.9017	1.68e-14	1.44e-14	4.27	6.94	8.19	-10.4	241965	0.00e+00	8.84e-11	3.39e+07 5.10e-05	1.34e-03	1.88e-03
154.750	10.2123	1.58e-14	1.36e-14	4.15	6.89	8.13	-10.4	239198	0.00e+00	9.38e-11	3.60e+07 5.07e-05	1.32e-03	1.85e-03
158.350	10.5329	1.49e-14	1.28e-14	4.04	6.84	8.08	-10.5	236464	0.00e+00	9.94e-11	3.83e+07 5.04e-05	1.29e-03	1.82e-03
162.034	10.8636	1.41e-14	1.21e-14	3.93	6.79	8.02	-10.5	233761	0.00e+00	1.05e-10	4.08e+07 5.01e-05	1.27e-03	1.80e-03
165.803	11.2047	1.33e-14	1.14e-14	3.83	6.75	7.97	-10.6	231088	0.00e+00	1.12e-10	4.34e+07 4.99e-05	1.24e-03	1.77e-03
169.660	11.5566	1.26e-14	1.07e-14	3.72	6.70	7.91	-10.6	228446	0.00e+00	1.19e-10	4.62e+07 4.96e-05	1.22e-03	1.74e-03