#1:r 2:H 3:Rho0 4:RhoMean 5:S 6:Tc 7:Te 8:Vr 9:Vphi 10:tauR 11:x 12:s_e 13:B_r 14:B_phi 15:B_z
0.052 0.0009 1.28e-07 1.09e-07 3055.50 1530.89 783.36 -42.3 13076793 0.00e+00 1.51e-10 2.18e+06 6.51e-01 -3.33e+01 4.70e+01
0.053 0.0010 1.20e-07 1.02e-07 2955.95 1528.79 769.97 -42.8 12927297 0.00e+00 1.52e-10 2.19e+06 6.61e-01 -3.27e+01 4.54e+01
0.054 0.0010 1.12e-07 9.57e-08 2859.83 1526.60 756.80 -43.2 12779510 0.00e+00 1.52e-10 2.19e+06 6.69e-01 -3.20e+01 4.40e+01
0.055 0.0010 1.05e-07 8.95e-08 2766.84 1524.40 743.86 -43.6 12633413 0.00e+00 1.52e-10 2.20e+06 6.78e-01 -3.14e+01 4.25e+01
0.057 0.0011 9.78e-08 8.37e-08 2676.88 1522.21 731.14 -44.1 12488986 0.00e+00 1.53e-10 2.21e+06 6.86e-01 -3.07e+01 4.11e+01
0.058 0.0011 9.15e-08 7.83e-08 2590.01 1519.92 718.64 -44.5 12346210 0.00e+00 1.53e-10 2.21e+06 6.94e-01 -3.01e+01 3.98e+01
0.059 0.0011 8.56e-08 7.32e-08 2505.81 1517.73 706.35 -45.0 12205067 0.00e+00 1.53e-10 2.21e+06 7.02e-01 -2.95e+01 3.85e+01
0.061 0.0012 8.00e-08 6.85e-08 2424.35 1515.53 694.27 -45.4 12065537 0.00e+00 1.53e-10 2.22e+06 7.10e-01 -2.89e+01 3.73e+01
0.062 0.0012 7.49e-08 6.41e-08 2345.69 1513.24 682.40 -45.9 11927602 0.00e+00 1.53e-10 2.22e+06 7.18e-01 -2.83e+01 3.61e+01
0.064 0.0013 7.00e-08 5.99e-08 2269.45 1511.05 670.73 -46.3 11791244 0.00e+00 1.53e-10 2.23e+06 7.26e-01 -2.77e+01 3.49e+01
0.065 0.0013 6.55e-08 5.61e-08 2195.83 1508.76 659.26 -46.8 11656444 0.00e+00 1.53e-10 2.23e+06 7.33e-01 -2.71e+01 3.38e+01
0.067 0.0014 6.13e-08 5.24e-08 2124.47 1506.57 647.99 -47.3 11523186 0.00e+00 1.54e-10 2.23e+06 7.42e-01 -2.65e+01 3.27e+01
0.068 0.0014 5.73e-08 4.91e-08 2055.56 1504.28 636.91 -47.7 11391452 0.00e+00 1.53e-10 2.24e+06 7.49e-01 -2.60e+01 3.16e+01
0.070 0.0014 5.36e-08 4.59e-08 1988.89 1501.99 626.02 -48.2 11261223 0.00e+00 1.53e-10 2.24e+06 7.55e-01 -2.54e+01 3.06e+01
0.071 0.0015 5.02e-08 4.29e-08 1924.39 1499.70 615.32 -48.7 11132483 0.00e+00 1.53e-10 2.24e+06 7.62e-01 -2.48e+01 2.96e+01
0.073 0.0015 4.69e-08 4.02e-08 1861.86 1497.51 604.80 -49.2 11005215 0.00e+00 1.53e-10 2.24e+06 7.70e-01 -2.43e+01 2.86e+01
0.075 0.0016 4.39e-08 3.76e-08 1801.49 1495.22 594.45 -49.7 10879402 0.00e+00 1.53e-10 2.24e+06 7.76e-01 -2.38e+01 2.77e+01
0.077 0.0017 4.11e-08 3.51e-08 1742.96 1493.03 584.29 -50.2 10755027 0.00e+00 1.53e-10 2.25e+06 7.83e-01 -2.33e+01 2.68e+01
0.078 0.0017 3.84e-08 3.29e-08 1686.45 1490.74 574.30 -50.7 10632074 0.00e+00 1.53e-10 2.25e+06 7.89e-01 -2.27e+01 2.59e+01
0.080 0.0018 3.59e-08 3.07e-08 1631.67 1488.54 564.48 -51.2 10510526 0.00e+00 1.53e-10 2.25e+06 7.96e-01 -2.22e+01 2.51e+01
0.082 0.0018 3.36e-08 2.88e-08 1578.78 1486.26 554.83 -51.7 10390369 0.00e+00 1.53e-10 2.25e+06 8.02e-01 -2.17e+01 2.43e+01
0.084 0.0019 3.14e-08 2.69e-08 1527.60 1483.97 545.34 -52.2 10271584 0.00e+00 1.53e-10 2.25e+06 8.07e-01 -2.13e+01 2.35e+01
0.086 0.0020 2.94e-08 2.52e-08 1477.99 1481.77 536.02 -52.8 10154158 0.00e+00 1.53e-10 2.25e+06 8.13e-01 -2.08e+01 2.27e+01
0.088 0.0020 2.75e-08 2.35e-08 1429.99 1479.58 526.85 -53.3 10038074 0.00e+00 1.53e-10 2.25e+06 8.19e-01 -2.03e+01 2.20e+01
0.090 0.0021 2.57e-08 2.20e-08 1383.65 1477.29 517.84 -53.8 9923318 0.00e+00 1.53e-10 2.25e+06 8.23e-01 -1.99e+01 2.13e+01
0.092 0.0022 2.41e-08 2.06e-08 1338.72 1475.10 508.99 -54.4 9809873 0.00e+00 1.53e-10 2.25e+06 8.28e-01 -1.94e+01 2.06e+01
0.094 0.0022 2.25e-08 1.93e-08 1295.34 1472.81 500.28 -54.9 9697725 0.00e+00 1.52e-10 2.25e+06 8.32e-01 -1.90e+01 1.99e+01
0.096 0.0023 2.11e-08 1.80e-08 1253.29 1470.62 491.73 -55.5 9586859 0.00e+00 1.52e-10 2.25e+06 8.36e-01 -1.85e+01 1.93e+01
0.099 0.0024 1.97e-08 1.69e-08 1212.60 1468.42 483.32 -56.0 9477261 0.00e+00 1.52e-10 2.25e+06 8.40e-01 -1.81e+01 1.86e+01
0.101 0.0025 1.84e-08 1.58e-08 1173.24 1466.23 475.06 -56.6 9368916 0.00e+00 1.52e-10 2.25e+06 8.44e-01 -1.77e+01 1.80e+01
0.103 0.0026 1.72e-08 1.48e-08 1135.16 1464.03 466.93 -57.1 9261809 0.00e+00 1.52e-10 2.26e+06 8.46e-01 -1.73e+01 1.74e+01
0.106 0.0027 1.61e-08 1.38e-08 1098.32 1461.84 458.95 -57.7 9155926 0.00e+00 1.52e-10 2.26e+06 8.49e-01 -1.69e+01 1.69e+01
0.108 0.0027 1.51e-08 1.29e-08 1062.67 1459.65 451.10 -58.3 9051255 0.00e+00 1.52e-10 2.26e+06 8.51e-01 -1.65e+01 1.63e+01
0.111 0.0028 1.41e-08 1.21e-08 1028.19 1457.45 443.39 -58.9 8947779 0.00e+00 1.52e-10 2.26e+06 8.52e-01 -1.61e+01 1.58e+01
0.113 0.0029 1.32e-08 1.13e-08 994.82 1455.26 435.81 -59.5 8845487 0.00e+00 1.51e-10 2.26e+06 8.52e-01 -1.57e+01 1.53e+01
0.116 0.0030 1.24e-08 1.06e-08 964.89 1449.54 428.36 -59.9 8744364 0.00e+00 1.43e-10 2.13e+06 8.06e-01 -1.52e+01 1.48e+01
0.118 0.0031 1.17e-08 1.00e-08 940.71 1436.38 421.03 -60.1 8644397 0.00e+00 1.19e-10 1.79e+06 6.77e-01 -1.43e+01 1.45e+01
0.121 0.0032 1.11e-08 9.51e-09 917.90 1422.17 413.83 -60.2 8545573 0.00e+00 9.68e-11 1.47e+06 5.57e-01 -1.35e+01 1.41e+01
0.124 0.0033 1.05e-08 8.99e-09 894.27 1410.25 406.76 -60.3 8447879 0.00e+00 8.17e-11 1.24e+06 4.73e-01 -1.27e+01 1.37e+01
0.127 0.0034 9.91e-09 8.48e-09 870.19 1400.14 399.80 -60.6 8351302 0.00e+00 7.09e-11 1.08e+06 4.13e-01 -1.21e+01 1.34e+01
0.130 0.0035 9.37e-09 8.02e-09 847.79 1388.41 392.97 -60.8 8255829 0.00e+00 5.97e-11 9.18e+05 3.50e-01 -1.15e+01 1.30e+01
0.133 0.0036 8.84e-09 7.57e-09 825.16 1378.11 386.25 -61.0 8161447 0.00e+00 5.13e-11 7.94e+05 3.02e-01 -1.09e+01 1.27e+01
0.136 0.0038 8.33e-09 7.12e-09 801.79 1370.19 379.64 -61.4 8068144 0.00e+00 4.60e-11 7.14e+05 2.72e-01 -1.04e+01 1.23e+01
0.139 0.0039 7.82e-09 6.69e-09 778.18 1363.90 373.15 -61.8 7975908 0.00e+00 4.24e-11 6.61e+05 2.51e-01 -1.00e+01 1.20e+01
0.142 0.0040 7.34e-09 6.28e-09 754.48 1359.04 366.77 -62.3 7884726 0.00e+00 4.01e-11 6.26e+05 2.37e-01 -9.70e+00 1.16e+01
0.146 0.0041 6.88e-09 5.89e-09 730.85 1355.41 360.50 -62.9 7794587 0.00e+00 3.88e-11 6.07e+05 2.29e-01 -9.41e+00 1.12e+01
0.149 0.0043 6.45e-09 5.52e-09 708.06 1351.60 354.33 -63.4 7705478 0.00e+00 3.74e-11 5.86e+05 2.20e-01 -9.12e+00 1.09e+01
0.153 0.0044 6.06e-09 5.19e-09 687.55 1344.73 348.28 -63.8 7617388 0.00e+00 3.40e-11 5.35e+05 2.00e-01 -8.74e+00 1.06e+01
0.156 0.0046 5.74e-09 4.91e-09 670.37 1332.43 342.32 -64.0 7530305 0.00e+00 2.78e-11 4.40e+05 1.65e-01 -8.20e+00 1.03e+01
0.160 0.0047 5.43e-09 4.64e-09 653.20 1321.08 336.47 -64.2 7444217 0.00e+00 2.31e-11 3.68e+05 1.37e-01 -7.70e+00 1.00e+01
0.163 0.0048 5.12e-09 4.38e-09 636.06 1310.68 330.71 -64.4 7359114 0.00e+00 1.95e-11 3.11e+05 1.16e-01 -7.23e+00 9.78e+00
0.167 0.0050 4.83e-09 4.14e-09 618.82 1301.53 325.06 -64.7 7274983 0.00e+00 1.68e-11 2.70e+05 1.00e-01 -6.81e+00 9.51e+00
0.171 0.0051 4.55e-09 3.90e-09 601.63 1293.33 319.50 -65.0 7191815 0.00e+00 1.47e-11 2.37e+05 8.76e-02 -6.42e+00 9.25e+00
0.175 0.0053 4.29e-09 3.67e-09 584.50 1286.08 314.04 -65.4 7109597 0.00e+00 1.31e-11 2.12e+05 7.80e-02 -6.07e+00 8.99e+00
0.179 0.0055 4.03e-09 3.45e-09 567.68 1279.31 308.67 -65.8 7028319 0.00e+00 1.18e-11 1.92e+05 7.00e-02 -5.74e+00 8.73e+00
0.183 0.0057 3.79e-09 3.24e-09 550.97 1273.40 303.39 -66.3 6947970 0.00e+00 1.08e-11 1.76e+05 6.38e-02 -5.45e+00 8.47e+00
0.188 0.0059 3.56e-09 3.05e-09 534.54 1268.06 298.20 -66.7 6868540 0.00e+00 9.96e-12 1.63e+05 5.87e-02 -5.19e+00 8.22e+00
0.192 0.0060 3.34e-09 2.86e-09 518.32 1263.38 293.11 -67.3 6790018 0.00e+00 9.33e-12 1.53e+05 5.46e-02 -4.96e+00 7.97e+00
0.197 0.0062 3.13e-09 2.68e-09 502.42 1259.19 288.09 -67.8 6712393 0.00e+00 8.82e-12 1.45e+05 5.12e-02 -4.75e+00 7.72e+00
0.201 0.0064 2.97e-09 2.54e-09 490.25 1246.69 283.17 -67.9 6635656 0.00e+00 6.96e-12 1.15e+05 4.07e-02 -4.22e+00 7.54e+00
0.206 0.0066 2.81e-09 2.41e-09 478.45 1234.10 278.33 -68.0 6559797 0.00e+00 5.45e-12 9.08e+04 3.21e-02 -3.68e+00 7.35e+00
0.211 0.0068 2.66e-09 2.28e-09 466.67 1222.37 273.57 -68.1 6484804 0.00e+00 4.33e-12 7.26e+04 2.45e-02 -3.03e+00 6.38e+00
0.215 0.0070 2.52e-09 2.16e-09 454.93 1211.41 268.89 -68.3 6410669 0.00e+00 3.48e-12 5.87e+04 1.86e-02 -2.45e+00 5.48e+00
0.220 0.0072 2.38e-09 2.04e-09 443.24 1201.20 264.29 -68.5 6337381 0.00e+00 2.84e-12 4.81e+04 1.43e-02 -1.97e+00 4.74e+00
0.226 0.0075 2.25e-09 1.93e-09 431.67 1191.57 259.77 -68.8 6264931 0.00e+00 2.33e-12 3.98e+04 1.11e-02 -1.58e+00 4.12e+00
0.231 0.0077 2.12e-09 1.82e-09 420.26 1182.42 255.33 -69.0 6193310 0.00e+00 1.94e-12 3.32e+04 8.64e-03 -1.25e+00 3.59e+00
0.236 0.0079 2.01e-09 1.72e-09 409.85 1171.35 250.97 -69.2 6122507 0.00e+00 1.53e-12 2.64e+04 6.26e-03 -9.26e-01 3.06e+00
0.242 0.0081 1.95e-09 1.66e-09 405.56 1143.60 246.68 -68.3 6052514 0.00e+00 7.82e-13 1.37e+04 2.48e-03 -3.73e-01 2.13e+00
0.247 0.0083 1.88e-09 1.61e-09 401.14 1116.99 242.46 -67.5 5983320 0.00e+00 4.00e-13 7.13e+03 9.46e-04 -1.43e-01 1.48e+00
0.253 0.0085 1.82e-09 1.56e-09 396.89 1090.67 238.31 -66.7 5914918 0.00e+00 1.99e-13 3.61e+03 3.46e-04 -5.21e-02 1.02e+00
0.259 0.0087 1.77e-09 1.51e-09 393.84 1061.87 234.24 -65.6 5847298 0.00e+00 8.96e-14 1.65e+03 1.10e-04 -1.66e-02 6.64e-01
0.265 0.0089 1.72e-09 1.47e-09 390.80 1033.83 230.23 -64.7 5780451 0.00e+00 3.98e-14 7.48e+02 3.63e-05 -5.45e-03 4.31e-01
0.271 0.0091 1.67e-09 1.43e-09 387.74 1006.65 226.30 -63.7 5714368 0.00e+00 1.79e-14 3.42e+02 1.36e-05 -2.04e-03 2.82e-01
0.277 0.0092 1.62e-09 1.39e-09 384.66 980.33 222.43 -62.7 5649041 0.00e+00 8.43e-15 1.64e+02 6.60e-06 -9.90e-04 1.89e-01
0.284 0.0094 1.57e-09 1.35e-09 381.60 954.68 218.63 -61.8 5584460 0.00e+00 4.60e-15 9.14e+01 4.27e-06 -6.41e-04 1.36e-01
0.291 0.0096 1.53e-09 1.31e-09 378.48 929.91 214.89 -60.9 5520618 0.00e+00 3.36e-15 6.78e+01 3.51e-06 -5.27e-04 1.13e-01
0.297 0.0099 1.48e-09 1.27e-09 375.39 905.78 211.21 -60.0 5457505 0.00e+00 3.15e-15 6.48e+01 3.36e-06 -5.04e-04 1.07e-01
0.304 0.0101 1.44e-09 1.23e-09 372.26 882.41 207.60 -59.1 5395114 0.00e+00 3.22e-15 6.75e+01 3.38e-06 -5.08e-04 1.05e-01
0.311 0.0103 1.40e-09 1.20e-09 369.12 859.76 204.05 -58.3 5333436 0.00e+00 3.35e-15 7.14e+01 3.45e-06 -5.18e-04 1.05e-01
0.319 0.0105 1.36e-09 1.16e-09 365.98 837.73 200.57 -57.4 5272464 0.00e+00 3.49e-15 7.58e+01 3.53e-06 -5.30e-04 1.04e-01
0.326 0.0107 1.32e-09 1.13e-09 362.78 816.47 197.14 -56.6 5212188 0.00e+00 3.65e-15 8.05e+01 3.64e-06 -5.46e-04 1.04e-01
0.333 0.0110 1.28e-09 1.09e-09 359.57 795.82 193.77 -55.8 5152602 0.00e+00 3.81e-15 8.54e+01 3.76e-06 -5.64e-04 1.03e-01
0.341 0.0112 1.24e-09 1.06e-09 356.39 775.70 190.45 -55.1 5093696 0.00e+00 3.97e-15 9.07e+01 3.89e-06 -5.83e-04 1.03e-01
0.349 0.0115 1.20e-09 1.03e-09 353.10 756.39 187.20 -54.3 5035465 0.00e+00 4.15e-15 9.64e+01 4.04e-06 -6.06e-04 1.02e-01
0.357 0.0117 1.16e-09 9.95e-10 349.86 737.50 184.00 -53.6 4977898 0.00e+00 4.33e-15 1.02e+02 4.20e-06 -6.31e-04 1.02e-01
0.366 0.0120 1.12e-09 9.58e-10 345.05 722.44 180.85 -53.1 4920990 0.00e+00 4.59e-15 1.10e+02 4.46e-06 -6.69e-04 1.02e-01
0.374 0.0124 1.06e-09 9.07e-10 336.48 715.71 177.76 -53.2 4864733 0.00e+00 5.01e-15 1.21e+02 4.93e-06 -7.40e-04 1.02e-01
0.383 0.0127 1.00e-09 8.58e-10 328.11 709.08 174.72 -53.3 4809119 0.00e+00 5.47e-15 1.33e+02 5.45e-06 -8.18e-04 1.02e-01
0.392 0.0131 9.49e-10 8.12e-10 319.95 702.50 171.74 -53.4 4754140 0.00e+00 5.97e-15 1.46e+02 6.03e-06 -9.05e-04 1.02e-01
0.401 0.0135 8.98e-10 7.69e-10 312.01 695.97 168.80 -53.5 4699790 0.00e+00 6.51e-15 1.60e+02 6.66e-06 -1.00e-03 1.02e-01
0.410 0.0139 8.50e-10 7.28e-10 304.26 689.49 165.91 -53.6 4646061 0.00e+00 7.10e-15 1.76e+02 7.36e-06 -1.11e-03 1.02e-01
0.420 0.0144 8.05e-10 6.89e-10 296.70 683.10 163.08 -53.8 4592947 0.00e+00 7.74e-15 1.93e+02 8.13e-06 -1.22e-03 1.02e-01
0.429 0.0148 7.62e-10 6.52e-10 289.32 676.75 160.29 -53.9 4540440 0.00e+00 8.42e-15 2.11e+02 8.98e-06 -1.35e-03 1.02e-01
0.439 0.0152 7.34e-10 6.28e-10 285.61 662.31 157.55 -53.3 4488533 0.00e+00 8.87e-15 2.25e+02 9.52e-06 -1.43e-03 1.02e-01
0.450 0.0155 7.10e-10 6.07e-10 282.41 647.10 154.86 -52.7 4437219 0.00e+00 9.30e-15 2.40e+02 1.01e-05 -1.51e-03 1.01e-01
0.460 0.0159 6.86e-10 5.87e-10 279.24 632.27 152.21 -52.1 4386492 0.00e+00 9.75e-15 2.56e+02 1.06e-05 -1.59e-03 1.01e-01
0.471 0.0162 6.63e-10 5.68e-10 276.23 617.48 149.61 -51.5 4336345 0.00e+00 1.02e-14 2.72e+02 1.12e-05 -1.68e-03 1.00e-01
0.482 0.0166 6.42e-10 5.49e-10 273.28 602.99 147.05 -50.8 4286772 0.00e+00 1.07e-14 2.89e+02 1.18e-05 -1.77e-03 9.98e-02
0.493 0.0170 6.21e-10 5.31e-10 270.36 588.83 144.54 -50.2 4237765 0.00e+00 1.12e-14 3.08e+02 1.25e-05 -1.87e-03 9.93e-02
0.505 0.0174 6.00e-10 5.13e-10 267.39 575.19 142.07 -49.6 4189318 0.00e+00 1.17e-14 3.27e+02 1.32e-05 -1.98e-03 9.88e-02
0.516 0.0178 5.80e-10 4.96e-10 264.44 561.88 139.64 -49.0 4141425 0.00e+00 1.23e-14 3.48e+02 1.40e-05 -2.10e-03 9.82e-02
0.528 0.0182 5.61e-10 4.80e-10 261.53 548.87 137.25 -48.5 4094080 0.00e+00 1.28e-14 3.70e+02 1.48e-05 -2.22e-03 9.77e-02
0.541 0.0186 5.42e-10 4.63e-10 258.57 536.33 134.91 -47.9 4047276 0.00e+00 1.34e-14 3.94e+02 1.56e-05 -2.35e-03 9.72e-02
0.553 0.0190 5.23e-10 4.48e-10 255.65 524.07 132.60 -47.4 4001007 0.00e+00 1.41e-14 4.19e+02 1.66e-05 -2.49e-03 9.67e-02
0.566 0.0195 5.06e-10 4.33e-10 252.75 512.10 130.34 -46.8 3955266 0.00e+00 1.48e-14 4.46e+02 1.75e-05 -2.64e-03 9.61e-02
0.579 0.0199 4.88e-10 4.18e-10 249.81 500.56 128.11 -46.3 3910049 0.00e+00 1.55e-14 4.75e+02 1.86e-05 -2.80e-03 9.56e-02
0.593 0.0204 4.72e-10 4.04e-10 246.91 489.26 125.92 -45.8 3865349 0.00e+00 1.62e-14 5.05e+02 1.97e-05 -2.97e-03 9.51e-02
0.606 0.0209 4.56e-10 3.90e-10 244.04 478.25 123.77 -45.2 3821160 0.00e+00 1.70e-14 5.37e+02 2.09e-05 -3.15e-03 9.46e-02
0.621 0.0214 4.40e-10 3.76e-10 241.14 467.58 121.66 -44.7 3777476 0.00e+00 1.78e-14 5.72e+02 2.22e-05 -3.34e-03 9.41e-02
0.635 0.0219 4.25e-10 3.63e-10 238.27 457.16 119.58 -44.3 3734291 0.00e+00 1.87e-14 6.09e+02 2.36e-05 -3.54e-03 9.35e-02
0.650 0.0224 4.10e-10 3.51e-10 235.44 446.98 117.54 -43.8 3691600 0.00e+00 1.96e-14 6.48e+02 2.50e-05 -3.76e-03 9.30e-02
0.665 0.0231 3.86e-10 3.30e-10 228.87 444.21 115.53 -44.0 3649397 0.00e+00 2.14e-14 7.10e+02 2.78e-05 -4.19e-03 9.28e-02
0.680 0.0238 3.64e-10 3.11e-10 222.37 441.71 113.55 -44.3 3607677 0.00e+00 2.33e-14 7.79e+02 3.10e-05 -4.67e-03 9.27e-02
0.696 0.0246 3.42e-10 2.93e-10 216.05 439.21 111.61 -44.5 3566433 0.00e+00 2.55e-14 8.53e+02 3.45e-05 -5.20e-03 9.24e-02
0.712 0.0254 3.22e-10 2.76e-10 209.91 436.73 109.71 -44.8 3525661 0.00e+00 2.78e-14 9.34e+02 3.84e-05 -5.78e-03 9.22e-02
0.729 0.0262 3.03e-10 2.59e-10 203.95 434.25 107.83 -45.0 3485356 0.00e+00 3.02e-14 1.02e+03 4.27e-05 -6.43e-03 9.19e-02
0.746 0.0270 2.85e-10 2.44e-10 198.16 431.79 105.99 -45.3 3445510 0.00e+00 3.29e-14 1.12e+03 4.74e-05 -7.14e-03 9.16e-02
0.763 0.0279 2.69e-10 2.30e-10 192.52 429.36 104.18 -45.6 3406121 0.00e+00 3.59e-14 1.22e+03 5.26e-05 -7.93e-03 9.12e-02
0.781 0.0288 2.53e-10 2.16e-10 187.05 426.93 102.40 -45.8 3367182 0.00e+00 3.90e-14 1.33e+03 5.83e-05 -8.80e-03 9.09e-02
0.799 0.0297 2.38e-10 2.04e-10 181.74 424.52 100.65 -46.1 3328688 0.00e+00 4.24e-14 1.45e+03 6.46e-05 -9.76e-03 9.05e-02
0.818 0.0307 2.24e-10 1.92e-10 176.57 422.14 98.93 -46.4 3290634 0.00e+00 4.61e-14 1.59e+03 7.16e-05 -1.08e-02 9.01e-02
0.837 0.0317 2.11e-10 1.80e-10 171.55 419.75 97.24 -46.6 3253015 0.00e+00 5.00e-14 1.73e+03 7.92e-05 -1.20e-02 8.96e-02
0.856 0.0327 1.99e-10 1.70e-10 166.68 417.37 95.58 -46.9 3215826 0.00e+00 5.43e-14 1.88e+03 8.76e-05 -1.32e-02 8.92e-02
0.876 0.0336 1.90e-10 1.62e-10 163.48 411.10 93.95 -46.7 3179062 0.00e+00 5.76e-14 2.02e+03 9.44e-05 -1.43e-02 8.86e-02
0.896 0.0345 1.82e-10 1.55e-10 160.77 403.85 92.35 -46.5 3142718 0.00e+00 6.08e-14 2.16e+03 1.01e-04 -1.53e-02 8.80e-02
0.917 0.0354 1.74e-10 1.49e-10 158.11 396.72 90.77 -46.2 3106790 0.00e+00 5.43e-14 1.95e+03 8.43e-05 -1.28e-02 8.03e-02
0.939 0.0363 1.67e-10 1.43e-10 155.49 389.73 89.22 -45.9 3071273 0.00e+00 4.30e-14 1.56e+03 5.93e-05 -8.95e-03 6.91e-02
0.961 0.0371 1.61e-10 1.38e-10 153.63 381.08 87.70 -45.4 3036162 0.00e+00 3.44e-14 1.27e+03 4.21e-05 -6.36e-03 6.00e-02
0.983 0.0380 1.56e-10 1.33e-10 151.86 372.45 86.20 -44.9 3001452 0.00e+00 2.90e-14 1.09e+03 3.26e-05 -4.91e-03 5.36e-02
1.006 0.0389 1.50e-10 1.29e-10 150.11 364.01 84.73 -44.3 2967139 0.00e+00 2.55e-14 9.70e+02 2.67e-05 -4.03e-03 4.88e-02
1.029 0.0398 1.45e-10 1.24e-10 148.42 355.69 83.29 -43.8 2933218 0.00e+00 2.31e-14 8.90e+02 2.28e-05 -3.43e-03 4.51e-02
1.053 0.0407 1.40e-10 1.20e-10 146.73 347.58 81.87 -43.3 2899685 0.00e+00 2.13e-14 8.34e+02 2.01e-05 -3.02e-03 4.21e-02
1.078 0.0417 1.36e-10 1.16e-10 145.07 339.64 80.47 -42.8 2866536 0.00e+00 1.99e-14 7.93e+02 1.81e-05 -2.72e-03 3.96e-02
1.103 0.0426 1.31e-10 1.12e-10 143.46 331.80 79.10 -42.3 2833765 0.00e+00 1.89e-14 7.63e+02 1.65e-05 -2.49e-03 3.74e-02
1.128 0.0436 1.27e-10 1.08e-10 141.87 324.15 77.75 -41.8 2801369 0.00e+00 1.81e-14 7.41e+02 1.54e-05 -2.32e-03 3.56e-02
1.155 0.0446 1.23e-10 1.05e-10 140.30 316.66 76.43 -41.3 2769343 0.00e+00 1.74e-14 7.26e+02 1.45e-05 -2.18e-03 3.40e-02
1.181 0.0456 1.19e-10 1.01e-10 138.80 309.22 75.12 -40.8 2737684 0.00e+00 1.69e-14 7.15e+02 1.37e-05 -2.07e-03 3.25e-02
1.209 0.0467 1.15e-10 9.81e-11 137.32 301.97 73.85 -40.3 2706386 0.00e+00 1.65e-14 7.09e+02 1.32e-05 -1.98e-03 3.12e-02
1.237 0.0477 1.11e-10 9.48e-11 135.84 294.92 72.59 -39.8 2675446 0.00e+00 1.62e-14 7.06e+02 1.27e-05 -1.91e-03 3.01e-02
1.266 0.0489 1.07e-10 9.12e-11 133.89 289.05 71.35 -39.5 2644860 0.00e+00 1.62e-14 7.16e+02 1.26e-05 -1.90e-03 2.92e-02
1.295 0.0501 1.03e-10 8.78e-11 131.98 283.30 70.14 -39.2 2614624 0.00e+00 1.62e-14 7.28e+02 1.26e-05 -1.89e-03 2.83e-02
1.325 0.0514 9.87e-11 8.44e-11 130.10 277.65 68.94 -38.8 2584733 0.00e+00 1.63e-14 7.43e+02 1.26e-05 -1.89e-03 2.75e-02
1.356 0.0526 9.49e-11 8.12e-11 128.21 272.19 67.77 -38.5 2555184 0.00e+00 1.65e-14 7.59e+02 1.26e-05 -1.90e-03 2.68e-02
1.388 0.0540 9.12e-11 7.80e-11 126.34 266.85 66.62 -38.2 2525973 0.00e+00 1.67e-14 7.78e+02 1.27e-05 -1.92e-03 2.61e-02
1.420 0.0553 8.77e-11 7.50e-11 124.49 261.63 65.48 -37.9 2497096 0.00e+00 1.69e-14 7.99e+02 1.29e-05 -1.94e-03 2.54e-02
1.453 0.0567 8.44e-11 7.22e-11 122.73 256.39 64.37 -37.5 2468548 0.00e+00 1.71e-14 8.21e+02 1.30e-05 -1.96e-03 2.48e-02
1.487 0.0579 8.18e-11 7.00e-11 121.66 249.88 63.28 -37.0 2440328 0.00e+00 1.71e-14 8.31e+02 1.29e-05 -1.94e-03 2.41e-02
1.521 0.0592 7.94e-11 6.79e-11 120.59 243.54 62.20 -36.5 2412429 0.00e+00 1.70e-14 8.44e+02 1.28e-05 -1.93e-03 2.35e-02
1.557 0.0605 7.70e-11 6.59e-11 119.57 237.30 61.15 -36.0 2384850 0.00e+00 1.70e-14 8.58e+02 1.27e-05 -1.91e-03 2.29e-02
1.593 0.0618 7.48e-11 6.40e-11 118.61 231.10 60.11 -35.4 2357586 0.00e+00 1.70e-14 8.73e+02 1.26e-05 -1.90e-03 2.23e-02
1.630 0.0631 7.27e-11 6.22e-11 117.66 225.07 59.09 -34.9 2330634 0.00e+00 1.70e-14 8.89e+02 1.26e-05 -1.90e-03 2.18e-02
1.668 0.0644 7.06e-11 6.04e-11 116.80 219.03 58.09 -34.4 2303990 0.00e+00 1.71e-14 9.07e+02 1.26e-05 -1.90e-03 2.12e-02
1.707 0.0658 6.87e-11 5.88e-11 115.96 213.14 57.11 -33.8 2277650 0.00e+00 1.71e-14 9.25e+02 1.26e-05 -1.89e-03 2.08e-02
1.746 0.0672 6.68e-11 5.72e-11 115.15 207.36 56.14 -33.3 2251612 0.00e+00 1.72e-14 9.45e+02 1.26e-05 -1.90e-03 2.03e-02
1.787 0.0685 6.50e-11 5.56e-11 114.42 201.61 55.19 -32.7 2225871 0.00e+00 1.72e-14 9.66e+02 1.26e-05 -1.90e-03 1.99e-02
1.829 0.0700 6.33e-11 5.42e-11 113.70 196.01 54.26 -32.2 2200425 0.00e+00 1.73e-14 9.88e+02 1.26e-05 -1.90e-03 1.94e-02
1.871 0.0714 6.17e-11 5.28e-11 113.06 190.44 53.34 -31.6 2175269 0.00e+00 1.74e-14 1.01e+03 1.26e-05 -1.91e-03 1.90e-02
1.915 0.0728 6.02e-11 5.15e-11 112.44 185.00 52.44 -31.1 2150401 0.00e+00 1.74e-14 1.03e+03 1.27e-05 -1.91e-03 1.86e-02
1.959 0.0743 5.87e-11 5.02e-11 111.87 179.63 51.56 -30.5 2125817 0.00e+00 1.75e-14 1.06e+03 1.27e-05 -1.92e-03 1.83e-02
2.005 0.0757 5.73e-11 4.90e-11 111.35 174.35 50.69 -30.0 2101515 0.00e+00 1.76e-14 1.08e+03 1.28e-05 -1.92e-03 1.79e-02
2.051 0.0772 5.59e-11 4.78e-11 110.85 169.20 49.84 -29.4 2077490 0.00e+00 1.77e-14 1.11e+03 1.28e-05 -1.93e-03 1.76e-02
2.099 0.0787 5.46e-11 4.68e-11 110.43 164.09 49.00 -28.9 2053740 0.00e+00 1.78e-14 1.14e+03 1.29e-05 -1.94e-03 1.73e-02
2.148 0.0802 5.34e-11 4.57e-11 110.00 159.14 48.18 -28.3 2030261 0.00e+00 1.79e-14 1.17e+03 1.29e-05 -1.95e-03 1.69e-02
2.198 0.0826 5.08e-11 4.34e-11 107.59 157.19 47.37 -28.3 2007051 0.00e+00 1.89e-14 1.24e+03 1.38e-05 -2.09e-03 1.67e-02
2.249 0.0850 4.81e-11 4.12e-11 105.01 155.59 46.57 -28.3 1984106 0.00e+00 2.00e-14 1.33e+03 1.49e-05 -2.25e-03 1.65e-02
2.301 0.0875 4.57e-11 3.91e-11 102.56 153.91 45.79 -28.4 1961423 0.00e+00 2.12e-14 1.42e+03 1.60e-05 -2.42e-03 1.63e-02
2.355 0.0901 4.34e-11 3.71e-11 100.25 152.11 45.02 -28.4 1939000 0.00e+00 2.24e-14 1.51e+03 1.71e-05 -2.59e-03 1.61e-02
2.410 0.0926 4.12e-11 3.53e-11 98.08 150.20 44.26 -28.3 1916833 0.00e+00 2.36e-14 1.60e+03 1.83e-05 -2.77e-03 1.59e-02
2.466 0.0952 3.93e-11 3.36e-11 96.05 148.19 43.52 -28.3 1894920 0.00e+00 2.50e-14 1.71e+03 1.96e-05 -2.97e-03 1.58e-02
2.523 0.0978 3.76e-11 3.22e-11 94.32 145.78 42.79 -28.1 1873257 0.00e+00 2.63e-14 1.82e+03 2.10e-05 -3.18e-03 1.56e-02
2.582 0.1004 3.59e-11 3.07e-11 92.56 143.53 42.08 -28.0 1851841 0.00e+00 2.78e-14 1.94e+03 2.24e-05 -3.40e-03 1.55e-02
2.642 0.1032 3.42e-11 2.93e-11 90.71 141.48 41.37 -27.9 1830671 0.00e+00 2.93e-14 2.07e+03 2.40e-05 -3.65e-03 1.53e-02
2.703 0.1061 3.26e-11 2.79e-11 88.82 139.59 40.68 -27.9 1809742 0.00e+00 3.11e-14 2.21e+03 2.58e-05 -3.92e-03 1.52e-02
2.766 0.1091 3.11e-11 2.66e-11 87.03 137.63 40.00 -27.8 1789053 0.00e+00 3.29e-14 2.36e+03 2.76e-05 -4.20e-03 1.50e-02
2.831 0.1111 3.04e-11 2.60e-11 86.74 133.41 39.34 -27.3 1768600 0.00e+00 3.36e-14 2.46e+03 2.85e-05 -4.33e-03 1.49e-02
2.897 0.1133 2.97e-11 2.54e-11 86.44 129.34 38.69 -26.7 1748382 0.00e+00 3.45e-14 2.57e+03 2.93e-05 -4.46e-03 1.48e-02
2.964 0.1154 2.91e-11 2.49e-11 86.17 125.35 38.06 -26.2 1728394 0.00e+00 3.53e-14 2.69e+03 3.02e-05 -4.60e-03 1.46e-02
3.033 0.1176 2.84e-11 2.43e-11 85.89 121.48 37.44 -25.7 1708635 0.00e+00 3.61e-14 2.80e+03 3.10e-05 -4.73e-03 1.45e-02
3.103 0.1199 2.78e-11 2.38e-11 85.64 117.71 36.82 -25.2 1689101 0.00e+00 3.69e-14 2.93e+03 3.19e-05 -4.87e-03 1.44e-02
3.176 0.1221 2.72e-11 2.33e-11 85.39 114.05 36.23 -24.7 1669791 0.00e+00 3.78e-14 3.05e+03 3.28e-05 -5.00e-03 1.43e-02
3.249 0.1244 2.67e-11 2.28e-11 85.14 110.51 35.64 -24.2 1650702 0.00e+00 3.86e-14 3.19e+03 3.37e-05 -5.14e-03 1.41e-02
3.325 0.1268 2.61e-11 2.23e-11 84.90 107.06 35.06 -23.7 1631831 0.00e+00 3.95e-14 3.33e+03 3.46e-05 -5.28e-03 1.40e-02
3.402 0.1291 2.55e-11 2.19e-11 84.67 103.71 34.50 -23.2 1613176 0.00e+00 4.04e-14 3.47e+03 3.55e-05 -5.43e-03 1.39e-02
3.482 0.1316 2.50e-11 2.14e-11 84.44 100.47 33.94 -22.8 1594733 0.00e+00 4.13e-14 3.62e+03 3.64e-05 -5.57e-03 1.38e-02
3.563 0.1340 2.45e-11 2.09e-11 84.21 97.33 33.40 -22.3 1576502 0.00e+00 4.23e-14 3.78e+03 3.74e-05 -5.72e-03 1.36e-02
3.645 0.1366 2.40e-11 2.05e-11 83.98 94.28 32.87 -21.9 1558479 0.00e+00 4.32e-14 3.94e+03 3.83e-05 -5.86e-03 1.35e-02
3.730 0.1391 2.35e-11 2.01e-11 83.75 91.34 32.35 -21.4 1540663 0.00e+00 4.42e-14 4.11e+03 3.93e-05 -6.01e-03 1.34e-02
3.817 0.1417 2.30e-11 1.96e-11 83.52 88.48 31.84 -21.0 1523050 0.00e+00 4.52e-14 4.29e+03 4.02e-05 -6.16e-03 1.33e-02
3.906 0.1444 2.25e-11 1.92e-11 83.28 85.73 31.34 -20.6 1505638 0.00e+00 4.62e-14 4.47e+03 4.12e-05 -6.31e-03 1.32e-02
3.997 0.1471 2.20e-11 1.88e-11 83.05 83.05 30.85 -20.2 1488425 0.00e+00 4.73e-14 4.66e+03 4.22e-05 -6.46e-03 1.31e-02
4.090 0.1499 2.15e-11 1.84e-11 82.80 80.48 30.37 -19.8 1471409 0.00e+00 4.84e-14 4.86e+03 4.31e-05 -6.61e-03 1.29e-02
4.185 0.1527 2.11e-11 1.80e-11 82.56 77.98 29.91 -19.4 1454588 0.00e+00 4.95e-14 5.07e+03 4.41e-05 -6.76e-03 1.28e-02
4.282 0.1556 2.06e-11 1.76e-11 82.30 75.57 29.45 -19.0 1437959 0.00e+00 5.07e-14 5.29e+03 4.51e-05 -6.92e-03 1.27e-02
4.382 0.1586 2.01e-11 1.72e-11 82.03 73.25 29.00 -18.6 1421520 0.00e+00 5.19e-14 5.52e+03 4.61e-05 -7.07e-03 1.26e-02
4.484 0.1616 1.97e-11 1.69e-11 81.76 71.00 28.57 -18.3 1405269 0.00e+00 5.31e-14 5.76e+03 4.71e-05 -7.22e-03 1.25e-02
4.588 0.1647 1.93e-11 1.65e-11 81.47 68.84 28.14 -17.9 1389204 0.00e+00 5.44e-14 6.02e+03 4.81e-05 -7.38e-03 1.24e-02
4.695 0.1679 1.88e-11 1.61e-11 81.17 66.75 27.72 -17.6 1373322 0.00e+00 5.57e-14 6.28e+03 4.92e-05 -7.53e-03 1.23e-02
4.804 0.1712 1.84e-11 1.57e-11 80.87 64.73 27.31 -17.2 1357622 0.00e+00 5.71e-14 6.55e+03 5.02e-05 -7.68e-03 1.22e-02
4.916 0.1745 1.80e-11 1.54e-11 80.54 62.78 26.91 -16.9 1342102 0.00e+00 5.85e-14 6.84e+03 5.12e-05 -7.83e-03 1.21e-02
5.030 0.1779 1.76e-11 1.50e-11 80.21 60.91 26.53 -16.6 1326759 0.00e+00 6.00e-14 7.15e+03 5.22e-05 -7.98e-03 1.20e-02
5.147 0.1814 1.72e-11 1.47e-11 79.87 59.10 26.15 -16.3 1311591 0.00e+00 6.15e-14 7.46e+03 5.32e-05 -8.13e-03 1.18e-02
5.267 0.1850 1.67e-11 1.43e-11 79.50 57.35 25.77 -16.0 1296597 0.00e+00 6.31e-14 7.80e+03 5.42e-05 -8.28e-03 1.17e-02
5.389 0.1886 1.63e-11 1.40e-11 79.13 55.67 25.41 -15.7 1281774 0.00e+00 6.48e-14 8.15e+03 5.51e-05 -8.42e-03 1.16e-02
5.515 0.1924 1.59e-11 1.36e-11 78.74 54.05 25.06 -15.4 1267120 0.00e+00 6.65e-14 8.51e+03 5.61e-05 -8.56e-03 1.15e-02
5.643 0.1962 1.56e-11 1.33e-11 78.33 52.49 24.72 -15.1 1252634 0.00e+00 6.83e-14 8.90e+03 5.71e-05 -8.69e-03 1.14e-02
5.774 0.2002 1.52e-11 1.30e-11 77.90 50.99 24.38 -14.9 1238314 0.00e+00 7.02e-14 9.31e+03 5.80e-05 -8.82e-03 1.13e-02
5.908 0.2043 1.48e-11 1.26e-11 77.46 49.54 24.05 -14.6 1224157 0.00e+00 7.22e-14 9.73e+03 5.91e-05 -8.95e-03 1.12e-02
6.046 0.2084 1.44e-11 1.23e-11 77.00 48.15 23.74 -14.4 1210163 0.00e+00 7.42e-14 1.02e+04 5.98e-05 -9.07e-03 1.11e-02
6.187 0.2127 1.40e-11 1.20e-11 76.53 46.80 23.43 -14.1 1196328 0.00e+00 7.64e-14 1.07e+04 6.07e-05 -9.18e-03 1.10e-02
6.330 0.2171 1.36e-11 1.17e-11 76.03 45.51 23.12 -13.9 1182651 0.00e+00 7.87e-14 1.12e+04 6.16e-05 -9.29e-03 1.09e-02
6.478 0.2216 1.33e-11 1.14e-11 75.52 44.26 22.83 -13.7 1169131 0.00e+00 8.10e-14 1.17e+04 6.24e-05 -9.39e-03 1.08e-02
6.628 0.2263 1.29e-11 1.10e-11 74.99 43.06 22.54 -13.5 1155765 0.00e+00 8.35e-14 1.22e+04 6.32e-05 -9.49e-03 1.07e-02
6.783 0.2311 1.26e-11 1.07e-11 74.45 41.91 22.27 -13.3 1142553 0.00e+00 8.61e-14 1.28e+04 6.46e-05 -9.58e-03 1.06e-02
6.940 0.2360 1.22e-11 1.04e-11 73.88 40.80 21.99 -13.1 1129491 0.00e+00 8.88e-14 1.34e+04 6.47e-05 -9.66e-03 1.05e-02
7.102 0.2410 1.18e-11 1.01e-11 73.30 39.73 21.73 -12.9 1116578 0.00e+00 9.17e-14 1.41e+04 6.54e-05 -9.73e-03 1.04e-02
7.267 0.2462 1.15e-11 9.84e-12 72.70 38.70 21.47 -12.7 1103813 0.00e+00 9.47e-14 1.48e+04 6.68e-05 -9.80e-03 1.03e-02
7.436 0.2516 1.12e-11 9.55e-12 72.09 37.70 21.22 -12.5 1091194 0.00e+00 9.78e-14 1.55e+04 6.73e-05 -9.86e-03 1.02e-02
7.609 0.2571 1.08e-11 9.27e-12 71.46 36.74 20.98 -12.3 1078720 0.00e+00 1.01e-13 1.62e+04 6.79e-05 -9.91e-03 1.01e-02
7.786 0.2627 1.05e-11 8.98e-12 70.81 35.82 20.74 -12.1 1066388 0.00e+00 1.05e-13 1.70e+04 6.79e-05 -9.95e-03 1.00e-02
7.967 0.2686 1.02e-11 8.71e-12 70.15 34.93 20.51 -12.0 1054197 0.00e+00 1.08e-13 1.79e+04 6.88e-05 -9.99e-03 9.95e-03
8.153 0.2746 9.86e-12 8.43e-12 69.47 34.08 20.29 -11.8 1042145 0.00e+00 1.12e-13 1.88e+04 6.96e-05 -1.00e-02 9.85e-03
8.342 0.2808 9.54e-12 8.17e-12 68.78 33.26 20.07 -11.7 1030231 0.00e+00 1.16e-13 1.98e+04 6.95e-05 -1.00e-02 9.76e-03
8.536 0.2871 9.24e-12 7.90e-12 68.07 32.46 19.86 -11.5 1018453 0.00e+00 1.20e-13 2.08e+04 6.96e-05 -1.00e-02 9.67e-03
8.735 0.2937 8.94e-12 7.65e-12 67.36 31.69 19.65 -11.4 1006810 0.00e+00 1.25e-13 2.18e+04 6.95e-05 -1.01e-02 9.57e-03
8.938 0.3004 8.64e-12 7.39e-12 66.63 30.96 19.45 -11.2 995300 0.00e+00 1.30e-13 2.29e+04 6.95e-05 -1.00e-02 9.48e-03
9.146 0.3074 8.35e-12 7.15e-12 65.88 30.24 19.26 -11.1 983922 0.00e+00 1.35e-13 2.41e+04 6.93e-05 -1.01e-02 9.39e-03
9.359 0.3145 8.07e-12 6.90e-12 65.13 29.56 19.07 -11.0 972673 0.00e+00 1.40e-13 2.54e+04 6.93e-05 -1.01e-02 9.30e-03
9.576 0.3219 7.79e-12 6.67e-12 64.36 28.89 18.88 -10.9 961554 0.00e+00 1.45e-13 2.67e+04 6.93e-05 -1.01e-02 9.21e-03
9.799 0.3295 7.52e-12 6.43e-12 63.59 28.25 18.70 -10.7 950561 0.00e+00 1.51e-13 2.81e+04 7.22e-05 -9.55e-03 9.12e-03
10.027 0.3373 7.25e-12 6.21e-12 62.81 27.64 18.53 -10.6 939694 0.00e+00 1.57e-13 2.96e+04 7.22e-05 -9.55e-03 9.03e-03
10.260 0.3453 7.00e-12 5.99e-12 62.01 27.04 18.36 -10.5 928951 0.00e+00 1.63e-13 3.12e+04 7.22e-05 -9.55e-03 8.94e-03
10.499 0.3536 6.74e-12 5.77e-12 61.21 26.47 18.19 -10.4 918331 0.00e+00 1.70e-13 3.29e+04 7.22e-05 -9.55e-03 8.85e-03
10.743 0.3622 6.50e-12 5.56e-12 60.41 25.91 18.03 -10.3 907833 0.00e+00 1.77e-13 3.47e+04 7.22e-05 -9.55e-03 8.76e-03
10.993 0.3710 6.26e-12 5.35e-12 59.60 25.37 17.87 -10.2 897454 0.00e+00 1.85e-13 3.65e+04 7.22e-05 -9.55e-03 8.67e-03
11.249 0.3800 6.03e-12 5.16e-12 58.78 24.85 17.71 -10.1 887195 0.00e+00 1.92e-13 3.85e+04 7.22e-05 -9.55e-03 8.58e-03
11.511 0.3894 5.80e-12 4.96e-12 57.95 24.35 17.56 -10.0 877052 0.00e+00 2.01e-13 4.06e+04 7.22e-05 -9.55e-03 8.49e-03
11.778 0.3990 5.58e-12 4.77e-12 57.13 23.87 17.42 -10.0 867025 0.00e+00 2.09e-13 4.29e+04 5.02e-05 -8.40e-03 8.40e-03
12.052 0.4089 5.36e-12 4.59e-12 56.30 23.40 17.27 -9.9 857114 0.00e+00 2.19e-13 4.52e+04 5.02e-05 -8.40e-03 8.32e-03
12.333 0.4192 5.15e-12 4.41e-12 55.46 22.94 17.13 -9.8 847315 0.00e+00 2.28e-13 4.78e+04 5.02e-05 -8.40e-03 8.23e-03
12.620 0.4297 4.95e-12 4.24e-12 54.63 22.50 16.99 -9.7 837628 0.00e+00 2.39e-13 5.04e+04 5.02e-05 -8.40e-03 8.14e-03
12.913 0.4406 4.76e-12 4.07e-12 53.80 22.08 16.86 -9.6 828052 0.00e+00 2.49e-13 5.33e+04 5.02e-05 -8.40e-03 8.06e-03
13.214 0.4517 4.57e-12 3.91e-12 52.96 21.67 16.73 -9.6 818586 0.00e+00 2.61e-13 5.62e+04 5.02e-05 -8.40e-03 7.97e-03
13.521 0.4633 4.38e-12 3.75e-12 52.12 21.27 16.60 -9.5 809228 0.00e+00 2.73e-13 5.94e+04 5.02e-05 -8.40e-03 7.89e-03
13.835 0.4752 4.21e-12 3.60e-12 51.29 20.88 16.47 -9.4 799977 0.00e+00 2.85e-13 6.28e+04 5.02e-05 -8.40e-03 7.80e-03
14.157 0.4874 4.03e-12 3.45e-12 50.45 20.51 16.35 -9.4 790831 0.00e+00 2.99e-13 6.64e+04 5.02e-05 -8.40e-03 7.72e-03
14.487 0.5000 3.87e-12 3.31e-12 49.62 20.14 16.23 -9.3 781790 0.00e+00 3.13e-13 7.02e+04 5.02e-05 -8.40e-03 7.64e-03
14.824 0.5130 3.71e-12 3.17e-12 48.79 19.79 16.11 -9.3 772853 0.00e+00 3.27e-13 7.42e+04 5.02e-05 -8.40e-03 7.55e-03
15.168 0.5265 3.55e-12 3.04e-12 47.96 19.45 15.99 -9.2 764017 0.00e+00 3.43e-13 7.85e+04 5.02e-05 -8.40e-03 7.47e-03
15.521 0.5403 3.40e-12 2.91e-12 47.14 19.12 15.87 -9.2 755283 0.00e+00 3.60e-13 8.30e+04 5.02e-05 -8.40e-03 7.39e-03
15.882 0.5545 3.25e-12 2.78e-12 46.31 18.80 15.76 -9.1 746648 0.00e+00 3.77e-13 8.78e+04 5.02e-05 -8.40e-03 7.31e-03
16.252 0.5692 3.11e-12 2.66e-12 45.50 18.49 15.65 -9.1 738113 0.00e+00 3.95e-13 9.29e+04 4.94e-05 -8.43e-03 7.22e-03
16.630 0.5844 2.98e-12 2.55e-12 44.69 18.19 15.54 -9.0 729674 0.00e+00 4.15e-13 9.83e+04 5.63e-05 -7.45e-03 7.14e-03
17.017 0.6000 2.85e-12 2.44e-12 43.88 17.89 15.43 -9.0 721333 0.00e+00 4.35e-13 1.04e+05 5.63e-05 -7.45e-03 7.06e-03
17.413 0.6161 2.72e-12 2.33e-12 43.08 17.61 15.33 -8.9 713086 0.00e+00 4.57e-13 1.10e+05 5.63e-05 -7.45e-03 6.98e-03
17.818 0.6327 2.60e-12 2.23e-12 42.28 17.33 15.22 -8.9 704934 0.00e+00 4.80e-13 1.17e+05 5.63e-05 -7.45e-03 6.90e-03
18.232 0.6498 2.49e-12 2.13e-12 41.49 17.06 15.12 -8.9 696875 0.00e+00 5.04e-13 1.24e+05 5.63e-05 -7.45e-03 6.82e-03
18.656 0.6674 2.38e-12 2.03e-12 40.70 16.80 15.01 -8.8 688909 0.00e+00 5.30e-13 1.31e+05 5.63e-05 -7.45e-03 6.74e-03
19.090 0.6856 2.27e-12 1.94e-12 39.92 16.55 14.91 -8.8 681033 0.00e+00 5.57e-13 1.39e+05 5.63e-05 -7.45e-03 6.67e-03
19.534 0.7044 2.17e-12 1.85e-12 39.15 16.30 14.81 -8.8 673247 0.00e+00 5.85e-13 1.47e+05 5.63e-05 -7.45e-03 6.59e-03
19.989 0.7238 2.07e-12 1.77e-12 38.38 16.07 14.71 -8.7 665551 0.00e+00 6.15e-13 1.56e+05 5.63e-05 -7.45e-03 6.51e-03
20.454 0.7437 1.97e-12 1.69e-12 37.63 15.83 14.62 -8.7 657942 0.00e+00 6.47e-13 1.65e+05 5.63e-05 -7.45e-03 6.43e-03
20.930 0.7643 1.88e-12 1.61e-12 36.88 15.61 14.52 -8.7 650420 0.00e+00 6.81e-13 1.75e+05 5.74e-05 -7.31e-03 6.36e-03
21.416 0.7855 1.79e-12 1.53e-12 36.14 15.39 14.42 -8.7 642984 0.00e+00 7.17e-13 1.85e+05 5.82e-05 -7.21e-03 6.28e-03
21.915 0.8075 1.71e-12 1.46e-12 35.40 15.17 14.33 -8.6 635634 0.00e+00 7.55e-13 1.97e+05 5.90e-05 -7.11e-03 6.21e-03
22.424 0.8300 1.63e-12 1.39e-12 34.68 14.96 14.24 -8.6 628367 0.00e+00 7.94e-13 2.09e+05 5.94e-05 -7.03e-03 6.13e-03
22.946 0.8533 1.55e-12 1.33e-12 33.97 14.76 14.14 -8.6 621184 0.00e+00 8.37e-13 2.21e+05 6.02e-05 -6.93e-03 6.06e-03
23.480 0.8774 1.48e-12 1.26e-12 33.26 14.56 14.05 -8.6 614082 0.00e+00 8.81e-13 2.35e+05 6.05e-05 -6.83e-03 5.98e-03
24.026 0.9021 1.41e-12 1.20e-12 32.56 14.37 13.96 -8.6 607062 0.00e+00 9.29e-13 2.49e+05 5.98e-05 -6.74e-03 5.91e-03
24.585 0.9277 1.34e-12 1.15e-12 31.87 14.19 13.87 -8.5 600122 0.00e+00 9.79e-13 2.64e+05 5.90e-05 -6.64e-03 5.84e-03
25.157 0.9541 1.27e-12 1.09e-12 31.19 14.00 13.78 -8.5 593261 0.00e+00 1.03e-12 2.80e+05 5.97e-05 -6.55e-03 5.76e-03
25.742 0.9813 1.21e-12 1.04e-12 30.52 13.83 13.69 -8.5 586479 0.00e+00 1.09e-12 2.97e+05 5.96e-05 -6.46e-03 5.69e-03
26.341 1.0094 1.15e-12 9.86e-13 29.86 13.65 13.60 -8.5 579774 0.00e+00 1.15e-12 3.16e+05 5.96e-05 -6.37e-03 5.62e-03
26.954 1.0383 1.10e-12 9.38e-13 29.20 13.49 13.51 -8.5 573146 0.00e+00 1.21e-12 3.35e+05 5.98e-05 -6.27e-03 5.55e-03
27.581 1.0682 1.04e-12 8.91e-13 28.56 13.32 13.43 -8.5 566594 0.00e+00 1.28e-12 3.56e+05 6.02e-05 -6.18e-03 5.48e-03
28.222 1.0990 9.90e-13 8.47e-13 27.93 13.16 13.34 -8.5 560116 0.00e+00 1.35e-12 3.78e+05 6.01e-05 -6.09e-03 5.41e-03
28.879 1.1308 9.41e-13 8.05e-13 27.31 13.00 13.25 -8.5 553713 0.00e+00 1.42e-12 4.01e+05 5.91e-05 -6.00e-03 5.34e-03
29.551 1.1636 8.94e-13 7.65e-13 26.69 12.85 13.17 -8.5 547383 0.00e+00 1.50e-12 4.26e+05 5.99e-05 -5.91e-03 5.27e-03
30.238 1.1975 8.49e-13 7.26e-13 26.09 12.70 13.08 -8.5 541125 0.00e+00 1.58e-12 4.52e+05 5.95e-05 -5.83e-03 5.20e-03
30.941 1.2324 8.06e-13 6.90e-13 25.50 12.56 13.00 -8.5 534939 0.00e+00 1.67e-12 4.80e+05 5.90e-05 -5.74e-03 5.14e-03
31.661 1.2685 7.65e-13 6.55e-13 24.91 12.42 12.92 -8.5 528823 0.00e+00 1.77e-12 5.10e+05 5.83e-05 -5.65e-03 5.07e-03
32.398 1.3056 7.26e-13 6.21e-13 24.34 12.28 12.83 -8.5 522778 0.00e+00 1.87e-12 5.42e+05 5.78e-05 -5.56e-03 5.00e-03
33.151 1.3440 6.89e-13 5.90e-13 23.78 12.14 12.75 -8.5 516801 0.00e+00 1.97e-12 5.76e+05 5.70e-05 -5.48e-03 4.94e-03
33.922 1.3836 6.54e-13 5.60e-13 23.22 12.01 12.67 -8.5 510893 0.00e+00 2.08e-12 6.12e+05 5.67e-05 -5.39e-03 4.87e-03
34.712 1.4244 6.20e-13 5.31e-13 22.68 11.88 12.58 -8.5 505053 0.00e+00 2.20e-12 6.50e+05 5.64e-05 -5.31e-03 4.81e-03
35.519 1.4665 5.88e-13 5.03e-13 22.15 11.76 12.50 -8.5 499279 0.00e+00 2.33e-12 6.91e+05 5.64e-05 -5.23e-03 4.75e-03
36.345 1.5100 5.58e-13 4.77e-13 21.62 11.63 12.42 -8.5 493571 0.00e+00 2.46e-12 7.34e+05 5.68e-05 -5.15e-03 4.68e-03
37.191 1.5549 5.29e-13 4.53e-13 21.11 11.51 12.34 -8.5 487928 0.00e+00 2.60e-12 7.80e+05 5.63e-05 -5.06e-03 4.62e-03
38.056 1.6012 5.01e-13 4.29e-13 20.60 11.39 12.26 -8.5 482350 0.00e+00 2.75e-12 8.29e+05 5.62e-05 -4.98e-03 4.56e-03
38.941 1.6489 4.75e-13 4.07e-13 20.11 11.28 12.18 -8.5 476836 0.00e+00 2.91e-12 8.82e+05 5.59e-05 -4.91e-03 4.50e-03
39.847 1.6982 4.50e-13 3.85e-13 19.63 11.16 12.10 -8.6 471385 0.00e+00 3.08e-12 9.37e+05 5.46e-05 -4.82e-03 4.43e-03
40.774 1.7491 4.27e-13 3.65e-13 19.15 11.05 12.02 -8.6 465996 0.00e+00 3.25e-12 9.96e+05 5.52e-05 -4.75e-03 4.37e-03
41.723 1.8015 4.04e-13 3.46e-13 18.68 10.94 11.94 -8.6 460669 0.00e+00 3.44e-12 1.06e+06 5.49e-05 -4.67e-03 4.32e-03
42.693 1.8557 3.83e-13 3.27e-13 18.23 10.84 11.87 -8.6 455402 0.00e+00 3.64e-12 1.13e+06 5.46e-05 -4.60e-03 4.26e-03
43.686 1.9116 3.62e-13 3.10e-13 17.78 10.73 11.79 -8.6 450196 0.00e+00 3.85e-12 1.20e+06 5.43e-05 -4.52e-03 4.20e-03
44.703 1.9692 3.43e-13 2.94e-13 17.34 10.63 11.71 -8.6 445049 0.00e+00 4.08e-12 1.27e+06 5.40e-05 -4.45e-03 4.14e-03
45.742 2.0287 3.25e-13 2.78e-13 16.91 10.53 11.63 -8.7 439961 0.00e+00 4.32e-12 1.35e+06 5.38e-05 -4.37e-03 4.08e-03
46.806 2.0900 3.07e-13 2.63e-13 16.49 10.43 11.56 -8.7 434932 0.00e+00 4.57e-12 1.44e+06 5.35e-05 -4.30e-03 4.03e-03
47.895 2.1533 2.91e-13 2.49e-13 16.09 10.34 11.48 -8.7 429959 0.00e+00 4.83e-12 1.53e+06 5.32e-05 -4.23e-03 3.97e-03
49.009 2.2187 2.75e-13 2.36e-13 15.68 10.24 11.41 -8.7 425044 0.00e+00 5.12e-12 1.63e+06 5.29e-05 -4.16e-03 3.91e-03
50.150 2.2861 2.61e-13 2.23e-13 15.29 10.15 11.33 -8.7 420185 0.00e+00 5.42e-12 1.73e+06 5.26e-05 -4.09e-03 3.86e-03
51.316 2.3556 2.47e-13 2.11e-13 14.91 10.06 11.26 -8.8 415381 0.00e+00 5.74e-12 1.84e+06 5.23e-05 -4.02e-03 3.81e-03
52.510 2.4274 2.33e-13 2.00e-13 14.53 9.97 11.18 -8.8 410633 0.00e+00 6.08e-12 1.96e+06 5.21e-05 -3.95e-03 3.75e-03
53.731 2.5014 2.21e-13 1.89e-13 14.16 9.88 11.11 -8.8 405938 0.00e+00 6.43e-12 2.08e+06 5.18e-05 -3.89e-03 3.70e-03
54.981 2.5778 2.09e-13 1.78e-13 13.80 9.79 11.03 -8.8 401297 0.00e+00 6.81e-12 2.22e+06 5.15e-05 -3.82e-03 3.65e-03
56.260 2.6566 1.97e-13 1.69e-13 13.45 9.71 10.96 -8.8 396710 0.00e+00 7.22e-12 2.36e+06 5.12e-05 -3.76e-03 3.60e-03
57.569 2.7380 1.87e-13 1.60e-13 13.11 9.62 10.89 -8.9 392175 0.00e+00 7.65e-12 2.51e+06 5.10e-05 -3.69e-03 3.54e-03
58.908 2.8219 1.76e-13 1.51e-13 12.78 9.54 10.81 -8.9 387691 0.00e+00 8.10e-12 2.67e+06 5.08e-05 -3.63e-03 3.49e-03
60.279 2.9085 1.67e-13 1.43e-13 12.45 9.46 10.74 -8.9 383259 0.00e+00 8.58e-12 2.84e+06 5.05e-05 -3.57e-03 3.44e-03
61.681 2.9977 1.58e-13 1.35e-13 12.13 9.38 10.67 -8.9 378878 0.00e+00 9.09e-12 3.02e+06 5.00e-05 -3.50e-03 3.40e-03
63.116 3.0900 1.49e-13 1.27e-13 11.82 9.30 10.60 -9.0 374546 0.00e+00 9.63e-12 3.21e+06 4.98e-05 -3.44e-03 3.35e-03
64.584 3.1850 1.41e-13 1.20e-13 11.51 9.22 10.53 -9.0 370264 0.00e+00 1.02e-11 3.41e+06 4.98e-05 -3.38e-03 3.30e-03
66.086 3.2831 1.33e-13 1.14e-13 11.22 9.15 10.46 -9.0 366031 0.00e+00 1.08e-11 3.63e+06 4.95e-05 -3.33e-03 3.25e-03
67.624 3.3843 1.26e-13 1.08e-13 10.92 9.07 10.39 -9.1 361847 0.00e+00 1.15e-11 3.86e+06 4.93e-05 -3.27e-03 3.20e-03
69.197 3.4888 1.19e-13 1.02e-13 10.64 9.00 10.32 -9.1 357710 0.00e+00 1.21e-11 4.11e+06 4.91e-05 -3.21e-03 3.16e-03
70.806 3.5964 1.12e-13 9.61e-14 10.37 8.92 10.25 -9.1 353621 0.00e+00 1.29e-11 4.37e+06 4.89e-05 -3.15e-03 3.11e-03
72.454 3.7077 1.06e-13 9.08e-14 10.09 8.85 10.18 -9.2 349578 0.00e+00 1.36e-11 4.65e+06 4.86e-05 -3.10e-03 3.07e-03
74.139 3.8223 1.00e-13 8.57e-14 9.83 8.78 10.11 -9.2 345582 0.00e+00 1.44e-11 4.95e+06 4.84e-05 -3.04e-03 3.02e-03
75.864 3.9406 9.47e-14 8.10e-14 9.57 8.71 10.04 -9.2 341631 0.00e+00 1.53e-11 5.27e+06 4.74e-05 -2.99e-03 2.98e-03
77.628 4.0627 8.94e-14 7.65e-14 9.32 8.64 9.98 -9.3 337725 0.00e+00 1.62e-11 5.61e+06 4.75e-05 -2.93e-03 2.94e-03
79.434 4.1887 8.44e-14 7.23e-14 9.08 8.57 9.91 -9.3 333864 0.00e+00 1.72e-11 5.96e+06 4.77e-05 -2.88e-03 2.89e-03
81.282 4.3185 7.98e-14 6.82e-14 8.84 8.51 9.84 -9.3 330048 0.00e+00 1.82e-11 6.35e+06 4.75e-05 -2.83e-03 2.85e-03
83.173 4.4526 7.53e-14 6.44e-14 8.61 8.44 9.78 -9.4 326274 0.00e+00 1.93e-11 6.75e+06 4.72e-05 -2.78e-03 2.81e-03
85.108 4.5910 7.11e-14 6.09e-14 8.38 8.37 9.71 -9.4 322544 0.00e+00 2.05e-11 7.18e+06 4.70e-05 -2.73e-03 2.77e-03
87.087 4.7335 6.72e-14 5.75e-14 8.16 8.31 9.65 -9.4 318857 0.00e+00 2.17e-11 7.64e+06 4.68e-05 -2.68e-03 2.73e-03
89.113 4.8807 6.34e-14 5.43e-14 7.95 8.24 9.58 -9.5 315212 0.00e+00 2.30e-11 8.13e+06 4.66e-05 -2.63e-03 2.69e-03
91.186 5.0325 5.99e-14 5.12e-14 7.74 8.18 9.52 -9.5 311608 0.00e+00 2.44e-11 8.65e+06 4.64e-05 -2.58e-03 2.65e-03
93.308 5.1892 5.65e-14 4.84e-14 7.53 8.12 9.45 -9.5 308046 0.00e+00 2.59e-11 9.21e+06 4.62e-05 -2.53e-03 2.61e-03
95.478 5.3508 5.34e-14 4.57e-14 7.33 8.06 9.39 -9.6 304524 0.00e+00 2.74e-11 9.80e+06 4.60e-05 -2.49e-03 2.57e-03
97.699 5.5175 5.04e-14 4.31e-14 7.14 8.00 9.32 -9.6 301043 0.00e+00 2.91e-11 1.04e+07 4.58e-05 -2.44e-03 2.53e-03
99.972 5.6896 4.76e-14 4.07e-14 6.95 7.94 9.26 -9.6 297601 0.00e+00 3.08e-11 1.11e+07 4.56e-05 -2.40e-03 2.49e-03
102.298 5.8671 4.49e-14 3.84e-14 6.76 7.88 9.20 -9.7 294199 0.00e+00 3.27e-11 1.18e+07 4.54e-05 -2.35e-03 2.46e-03
104.677 6.0500 4.24e-14 3.63e-14 6.58 7.82 9.13 -9.7 290836 0.00e+00 3.47e-11 1.26e+07 4.52e-05 -2.31e-03 2.42e-03
107.112 6.2390 4.00e-14 3.42e-14 6.41 7.76 9.07 -9.8 287511 0.00e+00 3.67e-11 1.34e+07 4.50e-05 -2.26e-03 2.38e-03
109.604 6.4337 3.78e-14 3.23e-14 6.24 7.70 9.01 -9.8 284224 0.00e+00 3.90e-11 1.42e+07 4.48e-05 -2.22e-03 2.35e-03
112.154 6.6347 3.57e-14 3.05e-14 6.07 7.64 8.95 -9.8 280975 0.00e+00 4.13e-11 1.51e+07 4.46e-05 -2.18e-03 2.31e-03
114.763 6.8420 3.36e-14 2.88e-14 5.91 7.59 8.89 -9.9 277763 0.00e+00 4.38e-11 1.61e+07 4.44e-05 -2.14e-03 2.28e-03
117.432 7.0560 3.18e-14 2.72e-14 5.75 7.53 8.83 -9.9 274587 0.00e+00 4.64e-11 1.71e+07 4.42e-05 -2.10e-03 2.25e-03
120.164 7.2765 3.00e-14 2.56e-14 5.60 7.47 8.77 -10.0 271448 0.00e+00 4.92e-11 1.82e+07 4.41e-05 -2.06e-03 2.21e-03
122.959 7.5041 2.83e-14 2.42e-14 5.45 7.42 8.71 -10.0 268345 0.00e+00 5.22e-11 1.94e+07 4.39e-05 -2.02e-03 2.18e-03
125.820 7.7390 2.67e-14 2.28e-14 5.30 7.36 8.65 -10.0 265277 0.00e+00 5.54e-11 2.06e+07 4.37e-05 -1.98e-03 2.15e-03
128.746 7.9814 2.52e-14 2.16e-14 5.16 7.31 8.59 -10.1 262244 0.00e+00 5.87e-11 2.20e+07 4.35e-05 -1.94e-03 2.11e-03
131.741 8.2311 2.38e-14 2.03e-14 5.02 7.26 8.53 -10.1 259246 0.00e+00 6.23e-11 2.34e+07 4.33e-05 -1.91e-03 2.08e-03
134.806 8.4891 2.24e-14 1.92e-14 4.89 7.21 8.47 -10.2 256283 0.00e+00 6.60e-11 2.49e+07 4.32e-05 -1.87e-03 2.05e-03
137.942 8.7549 2.12e-14 1.81e-14 4.76 7.15 8.42 -10.2 253353 0.00e+00 7.00e-11 2.64e+07 4.30e-05 -1.83e-03 2.02e-03
141.151 9.0293 2.00e-14 1.71e-14 4.63 7.10 8.36 -10.2 250456 0.00e+00 7.42e-11 2.81e+07 4.28e-05 -1.80e-03 1.99e-03
144.434 9.3123 1.88e-14 1.61e-14 4.50 7.05 8.30 -10.3 247593 0.00e+00 7.87e-11 2.99e+07 4.26e-05 -1.77e-03 1.96e-03
147.794 9.6042 1.78e-14 1.52e-14 4.38 7.00 8.24 -10.3 244763 0.00e+00 8.35e-11 3.19e+07 4.25e-05 -1.73e-03 1.93e-03
151.232 9.9055 1.68e-14 1.44e-14 4.26 6.95 8.19 -10.4 241965 0.00e+00 8.85e-11 3.39e+07 4.23e-05 -1.70e-03 1.90e-03
154.750 10.2162 1.58e-14 1.35e-14 4.15 6.90 8.13 -10.4 239198 0.00e+00 9.39e-11 3.61e+07 4.21e-05 -1.67e-03 1.87e-03
158.350 10.5367 1.49e-14 1.28e-14 4.04 6.85 8.08 -10.5 236464 0.00e+00 9.95e-11 3.84e+07 4.20e-05 -1.63e-03 1.84e-03
162.034 10.8673 1.41e-14 1.21e-14 3.93 6.80 8.02 -10.5 233761 0.00e+00 1.06e-10 4.08e+07 4.18e-05 -1.60e-03 1.82e-03
165.803 11.2086 1.33e-14 1.14e-14 3.82 6.75 7.97 -10.6 231088 0.00e+00 1.12e-10 4.35e+07 4.16e-05 -1.57e-03 1.79e-03
169.660 11.5602 1.25e-14 1.07e-14 3.72 6.70 7.91 -10.6 228446 0.00e+00 1.19e-10 4.62e+07 4.15e-05 -1.54e-03 1.76e-03