#1:r 2:H 3:Rho0 4:RhoMean 5:S 6:Tc 7:Te 8:Vr 9:Vphi 10:tauR 11:x 12:s_e 13:B_r 14:B_phi 15:B_z
0.100 0.0025 1.86e-07 1.60e-07 11766.40 1481.87 283.11 -0.6 9411180 0.00e+00 6.08e-11 8.95e+05 1.55e-02 -1.38e+02 7.87e+01
0.102 0.0025 1.75e-07 1.50e-07 11411.02 1479.87 279.05 -0.6 9311264 0.00e+00 6.09e-11 8.96e+05 1.56e-02 -1.36e+02 7.63e+01
0.104 0.0026 1.65e-07 1.41e-07 11065.69 1477.96 275.06 -0.6 9212408 0.00e+00 6.10e-11 8.99e+05 1.57e-02 -1.34e+02 7.40e+01
0.107 0.0027 1.55e-07 1.32e-07 10731.51 1475.96 271.14 -0.6 9114601 0.00e+00 6.10e-11 9.00e+05 1.59e-02 -1.32e+02 7.18e+01
0.109 0.0028 1.45e-07 1.24e-07 10407.44 1473.95 267.28 -0.6 9017833 0.00e+00 6.10e-11 9.01e+05 1.60e-02 -1.30e+02 6.96e+01
0.111 0.0029 1.37e-07 1.17e-07 10093.18 1471.95 263.50 -0.6 8922092 0.00e+00 6.10e-11 9.02e+05 1.61e-02 -1.28e+02 6.75e+01
0.114 0.0030 1.29e-07 1.10e-07 9788.43 1469.95 259.78 -0.6 8827368 0.00e+00 6.10e-11 9.03e+05 1.62e-02 -1.26e+02 6.55e+01
0.116 0.0031 1.21e-07 1.03e-07 9492.89 1467.94 256.12 -0.6 8733650 0.00e+00 6.10e-11 9.04e+05 1.62e-02 -1.24e+02 6.35e+01
0.119 0.0032 1.14e-07 9.71e-08 9206.90 1465.85 252.53 -0.6 8640926 0.00e+00 6.09e-11 9.03e+05 1.63e-02 -1.22e+02 6.16e+01
0.121 0.0033 1.07e-07 9.13e-08 8928.96 1463.84 249.00 -0.6 8549187 0.00e+00 6.09e-11 9.04e+05 1.64e-02 -1.20e+02 5.97e+01
0.124 0.0034 1.00e-07 8.58e-08 8659.99 1461.75 245.54 -0.6 8458422 0.00e+00 6.08e-11 9.03e+05 1.64e-02 -1.18e+02 5.79e+01
0.126 0.0035 9.43e-08 8.07e-08 8399.14 1459.65 242.13 -0.6 8368620 0.00e+00 6.07e-11 9.03e+05 1.64e-02 -1.15e+02 5.62e+01
0.129 0.0036 8.86e-08 7.58e-08 8146.16 1457.55 238.79 -0.6 8279772 0.00e+00 6.06e-11 9.02e+05 1.64e-02 -1.13e+02 5.45e+01
0.132 0.0037 8.33e-08 7.13e-08 7900.82 1455.45 235.50 -0.6 8191867 0.00e+00 6.05e-11 9.01e+05 1.65e-02 -1.11e+02 5.29e+01
0.135 0.0038 7.83e-08 6.70e-08 7662.38 1453.45 232.27 -0.6 8104896 0.00e+00 6.04e-11 9.01e+05 1.65e-02 -1.09e+02 5.13e+01
0.138 0.0039 7.36e-08 6.30e-08 7431.64 1451.35 229.10 -0.7 8018847 0.00e+00 6.03e-11 9.00e+05 1.65e-02 -1.07e+02 4.97e+01
0.141 0.0041 6.92e-08 5.92e-08 7207.86 1449.25 225.98 -0.7 7933713 0.00e+00 6.02e-11 8.99e+05 1.64e-02 -1.04e+02 4.82e+01
0.144 0.0042 6.50e-08 5.56e-08 6990.38 1447.25 222.92 -0.7 7849482 0.00e+00 6.01e-11 8.99e+05 1.64e-02 -1.02e+02 4.68e+01
0.147 0.0043 6.11e-08 5.23e-08 6780.81 1444.96 219.91 -0.7 7766146 0.00e+00 5.98e-11 8.95e+05 1.63e-02 -9.98e+01 4.52e+01
0.150 0.0045 5.77e-08 4.94e-08 6593.23 1439.24 217.00 -0.7 7683694 0.00e+00 5.61e-11 8.43e+05 1.47e-02 -9.42e+01 4.19e+01
0.153 0.0046 5.44e-08 4.66e-08 6410.52 1433.61 214.14 -0.7 7602117 0.00e+00 5.28e-11 7.94e+05 1.34e-02 -8.88e+01 3.89e+01
0.157 0.0047 5.13e-08 4.39e-08 6232.13 1428.18 211.33 -0.7 7521407 0.00e+00 4.97e-11 7.50e+05 1.22e-02 -8.38e+01 3.61e+01
0.160 0.0049 4.84e-08 4.14e-08 6057.58 1423.03 208.57 -0.7 7441554 0.00e+00 4.71e-11 7.12e+05 1.12e-02 -7.92e+01 3.36e+01
0.163 0.0050 4.57e-08 3.91e-08 5887.59 1417.97 205.85 -0.7 7362548 0.00e+00 4.46e-11 6.76e+05 1.02e-02 -7.48e+01 3.13e+01
0.167 0.0052 4.31e-08 3.68e-08 5722.45 1412.92 203.19 -0.7 7284381 0.00e+00 4.22e-11 6.41e+05 9.39e-03 -7.07e+01 2.91e+01
0.170 0.0053 4.06e-08 3.47e-08 5561.26 1408.05 200.57 -0.7 7207044 0.00e+00 4.01e-11 6.10e+05 8.64e-03 -6.68e+01 2.71e+01
0.174 0.0055 3.83e-08 3.27e-08 5403.94 1403.38 198.00 -0.7 7130528 0.00e+00 3.81e-11 5.82e+05 7.97e-03 -6.32e+01 2.53e+01
0.178 0.0057 3.61e-08 3.09e-08 5250.77 1398.80 195.48 -0.7 7054825 0.00e+00 3.63e-11 5.56e+05 7.38e-03 -5.98e+01 2.36e+01
0.182 0.0058 3.40e-08 2.91e-08 5102.00 1394.23 193.00 -0.7 6979925 0.00e+00 3.46e-11 5.31e+05 6.82e-03 -5.66e+01 2.20e+01
0.186 0.0060 3.20e-08 2.74e-08 4956.81 1389.84 190.56 -0.7 6905820 0.00e+00 3.31e-11 5.08e+05 6.33e-03 -5.36e+01 2.06e+01
0.190 0.0062 3.02e-08 2.58e-08 4815.47 1385.55 188.17 -0.7 6832503 0.00e+00 3.16e-11 4.87e+05 5.88e-03 -5.08e+01 1.93e+01
0.194 0.0064 2.85e-08 2.43e-08 4678.21 1381.26 185.82 -0.7 6759963 0.00e+00 3.02e-11 4.67e+05 5.46e-03 -4.81e+01 1.80e+01
0.198 0.0066 2.68e-08 2.29e-08 4544.28 1377.16 183.51 -0.7 6688194 0.00e+00 2.90e-11 4.48e+05 5.09e-03 -4.57e+01 1.68e+01
0.202 0.0068 2.53e-08 2.16e-08 4414.21 1373.05 181.25 -0.8 6617187 0.00e+00 2.78e-11 4.31e+05 4.75e-03 -4.33e+01 1.58e+01
0.207 0.0070 2.38e-08 2.04e-08 4287.62 1369.05 179.02 -0.8 6546933 0.00e+00 2.67e-11 4.14e+05 4.43e-03 -4.11e+01 1.48e+01
0.211 0.0072 2.24e-08 1.92e-08 4164.68 1365.04 176.84 -0.8 6477425 0.00e+00 2.56e-11 3.98e+05 4.14e-03 -3.89e+01 1.38e+01
0.216 0.0075 2.11e-08 1.81e-08 4045.03 1361.13 174.69 -0.8 6408656 0.00e+00 2.46e-11 3.83e+05 3.87e-03 -3.69e+01 1.30e+01
0.220 0.0077 1.99e-08 1.70e-08 3928.56 1357.32 172.58 -0.8 6340616 0.00e+00 2.36e-11 3.69e+05 3.62e-03 -3.51e+01 1.21e+01
0.225 0.0079 1.87e-08 1.60e-08 3815.21 1353.60 170.51 -0.8 6273299 0.00e+00 2.28e-11 3.56e+05 3.40e-03 -3.33e+01 1.14e+01
0.230 0.0082 1.76e-08 1.51e-08 3705.43 1349.78 168.48 -0.8 6206697 0.00e+00 2.19e-11 3.43e+05 3.18e-03 -3.16e+01 1.07e+01
0.235 0.0084 1.68e-08 1.44e-08 3620.37 1337.96 166.60 -0.8 6140801 0.00e+00 1.81e-11 2.85e+05 2.46e-03 -2.68e+01 9.32e+00
0.240 0.0086 1.60e-08 1.37e-08 3544.18 1323.65 164.80 -0.8 6075605 0.00e+00 1.41e-11 2.25e+05 1.77e-03 -2.14e+01 7.94e+00
0.245 0.0089 1.52e-08 1.30e-08 3469.23 1309.64 163.04 -0.8 6011102 0.00e+00 1.11e-11 1.77e+05 1.26e-03 -1.65e+01 6.77e+00
0.250 0.0091 1.45e-08 1.24e-08 3395.76 1295.81 161.31 -0.8 5947283 0.00e+00 8.64e-12 1.39e+05 8.94e-04 -1.23e+01 5.76e+00
0.256 0.0094 1.38e-08 1.18e-08 3323.23 1282.36 159.61 -0.8 5884142 0.00e+00 6.77e-12 1.10e+05 6.29e-04 -9.00e+00 4.91e+00
0.261 0.0096 1.32e-08 1.13e-08 3252.12 1269.10 157.95 -0.8 5821671 0.00e+00 5.29e-12 8.65e+04 4.38e-04 -6.41e+00 4.18e+00
0.267 0.0099 1.26e-08 1.08e-08 3187.48 1254.04 156.36 -0.8 5759863 0.00e+00 3.95e-12 6.51e+04 2.85e-04 -4.22e+00 3.49e+00
0.273 0.0101 1.21e-08 1.04e-08 3142.96 1231.72 154.93 -0.8 5698712 0.00e+00 2.49e-12 4.16e+04 1.43e-04 -2.14e+00 2.69e+00
0.279 0.0103 1.17e-08 1.00e-08 3098.62 1209.98 153.53 -0.8 5638210 0.00e+00 1.56e-12 2.64e+04 7.13e-05 -1.07e+00 2.07e+00
0.285 0.0106 1.13e-08 9.63e-09 3054.66 1188.71 152.17 -0.8 5578350 0.00e+00 9.76e-13 1.67e+04 3.51e-05 -5.27e-01 1.58e+00
0.291 0.0108 1.08e-08 9.27e-09 3010.57 1168.11 150.84 -0.8 5519126 0.00e+00 6.08e-13 1.05e+04 1.73e-05 -2.59e-01 1.21e+00
0.297 0.0111 1.04e-08 8.93e-09 2966.80 1147.99 149.54 -0.8 5460530 0.00e+00 3.77e-13 6.60e+03 8.43e-06 -1.26e-01 9.25e-01
0.303 0.0113 1.00e-08 8.59e-09 2923.33 1128.34 148.27 -0.8 5402557 0.00e+00 2.32e-13 4.12e+03 4.09e-06 -6.13e-02 7.05e-01
0.310 0.0116 9.66e-09 8.27e-09 2879.89 1109.27 147.02 -0.8 5345199 0.00e+00 1.43e-13 2.56e+03 1.98e-06 -2.97e-02 5.36e-01
0.317 0.0119 9.30e-09 7.96e-09 2836.94 1090.58 145.81 -0.7 5288450 0.00e+00 8.75e-14 1.59e+03 9.55e-07 -1.43e-02 4.06e-01
0.323 0.0122 8.94e-09 7.65e-09 2793.96 1072.46 144.62 -0.7 5232303 0.00e+00 5.35e-14 9.80e+02 4.64e-07 -6.95e-03 3.08e-01
0.330 0.0125 8.60e-09 7.36e-09 2751.17 1054.81 143.46 -0.7 5176753 0.00e+00 3.26e-14 6.04e+02 2.28e-07 -3.42e-03 2.33e-01
0.338 0.0128 8.27e-09 7.08e-09 2709.05 1037.46 142.32 -0.7 5121792 0.00e+00 1.97e-14 3.69e+02 1.14e-07 -1.71e-03 1.75e-01
0.345 0.0131 7.95e-09 6.80e-09 2667.07 1020.58 141.21 -0.7 5067415 0.00e+00 1.19e-14 2.25e+02 5.98e-08 -8.96e-04 1.32e-01
0.352 0.0134 7.64e-09 6.54e-09 2624.97 1004.27 140.11 -0.7 5013615 0.00e+00 7.19e-15 1.38e+02 3.44e-08 -5.16e-04 9.95e-02
0.360 0.0137 7.34e-09 6.28e-09 2583.46 988.25 139.04 -0.7 4960386 0.00e+00 4.34e-15 8.40e+01 2.24e-08 -3.36e-04 7.48e-02
0.368 0.0140 7.05e-09 6.03e-09 2542.53 972.51 138.00 -0.7 4907723 0.00e+00 2.61e-15 5.11e+01 1.66e-08 -2.50e-04 5.62e-02
0.376 0.0144 6.77e-09 5.80e-09 2501.66 957.25 136.97 -0.7 4855619 0.00e+00 1.58e-15 3.13e+01 1.35e-08 -2.03e-04 4.24e-02
0.384 0.0147 6.51e-09 5.57e-09 2461.13 942.35 135.97 -0.7 4804067 0.00e+00 9.70e-16 1.94e+01 1.15e-08 -1.73e-04 3.21e-02
0.392 0.0151 6.25e-09 5.34e-09 2420.94 927.81 134.98 -0.7 4753063 0.00e+00 6.11e-16 1.24e+01 1.00e-08 -1.50e-04 2.47e-02
0.400 0.0155 6.00e-09 5.13e-09 2381.11 913.60 134.01 -0.7 4702601 0.00e+00 4.02e-16 8.22e+00 8.96e-09 -1.34e-04 1.94e-02
0.409 0.0159 5.75e-09 4.92e-09 2341.76 899.68 133.07 -0.7 4652674 0.00e+00 2.86e-16 5.91e+00 8.33e-09 -1.25e-04 1.58e-02
0.418 0.0162 5.52e-09 4.72e-09 2302.75 886.09 132.13 -0.7 4603278 0.00e+00 2.29e-16 4.77e+00 8.21e-09 -1.23e-04 1.37e-02
0.427 0.0166 5.30e-09 4.53e-09 2263.93 872.88 131.22 -0.7 4554406 0.00e+00 2.07e-16 4.37e+00 8.62e-09 -1.29e-04 1.26e-02
0.436 0.0171 5.08e-09 4.35e-09 2225.66 859.91 130.32 -0.7 4506052 0.00e+00 2.05e-16 4.36e+00 9.44e-09 -1.42e-04 1.21e-02
0.445 0.0175 4.87e-09 4.17e-09 2187.91 847.18 129.43 -0.7 4458212 0.00e+00 2.11e-16 4.54e+00 1.05e-08 -1.58e-04 1.19e-02
0.455 0.0179 4.67e-09 4.00e-09 2150.56 834.73 128.57 -0.7 4410880 0.00e+00 2.21e-16 4.79e+00 1.19e-08 -1.78e-04 1.18e-02
0.465 0.0184 4.48e-09 3.83e-09 2113.33 822.67 127.71 -0.7 4364051 0.00e+00 2.32e-16 5.10e+00 1.34e-08 -2.01e-04 1.17e-02
0.475 0.0188 4.30e-09 3.68e-09 2076.70 810.79 126.87 -0.7 4317718 0.00e+00 2.46e-16 5.45e+00 1.51e-08 -2.27e-04 1.16e-02
0.485 0.0193 4.12e-09 3.52e-09 2040.42 799.21 126.04 -0.7 4271878 0.00e+00 2.60e-16 5.83e+00 1.71e-08 -2.57e-04 1.16e-02
0.496 0.0198 3.95e-09 3.38e-09 2004.70 787.81 125.23 -0.7 4226524 0.00e+00 2.77e-16 6.26e+00 1.94e-08 -2.91e-04 1.15e-02
0.506 0.0203 3.78e-09 3.24e-09 1969.54 776.60 124.43 -0.7 4181652 0.00e+00 2.95e-16 6.74e+00 2.20e-08 -3.30e-04 1.15e-02
0.517 0.0208 3.62e-09 3.10e-09 1934.44 765.78 123.63 -0.7 4137256 0.00e+00 3.16e-16 7.28e+00 2.50e-08 -3.75e-04 1.15e-02
0.528 0.0213 3.47e-09 2.97e-09 1899.98 755.10 122.86 -0.7 4093332 0.00e+00 3.39e-16 7.89e+00 2.84e-08 -4.26e-04 1.15e-02
0.540 0.0219 3.32e-09 2.84e-09 1865.91 744.66 122.09 -0.7 4049874 0.00e+00 3.66e-16 8.59e+00 3.23e-08 -4.85e-04 1.16e-02
0.551 0.0224 3.18e-09 2.72e-09 1832.33 734.40 121.33 -0.7 4006877 0.00e+00 3.96e-16 9.39e+00 3.68e-08 -5.53e-04 1.16e-02
0.563 0.0230 3.05e-09 2.61e-09 1799.24 724.34 120.58 -0.7 3964336 0.00e+00 4.31e-16 1.03e+01 4.21e-08 -6.31e-04 1.17e-02
0.576 0.0237 2.88e-09 2.47e-09 1752.57 720.19 119.64 -0.7 3922248 0.00e+00 4.86e-16 1.17e+01 5.05e-08 -7.57e-04 1.20e-02
0.588 0.0244 2.73e-09 2.33e-09 1706.95 716.14 118.71 -0.7 3880606 0.00e+00 5.54e-16 1.34e+01 6.08e-08 -9.12e-04 1.22e-02
0.601 0.0251 2.58e-09 2.21e-09 1662.68 712.04 117.79 -0.7 3839406 0.00e+00 6.37e-16 1.54e+01 7.34e-08 -1.10e-03 1.26e-02
0.614 0.0258 2.44e-09 2.09e-09 1619.39 708.03 116.88 -0.7 3798644 0.00e+00 7.39e-16 1.80e+01 8.88e-08 -1.33e-03 1.30e-02
0.627 0.0266 2.31e-09 1.98e-09 1577.28 704.03 115.98 -0.7 3758315 0.00e+00 8.65e-16 2.11e+01 1.08e-07 -1.62e-03 1.35e-02
0.640 0.0274 2.18e-09 1.87e-09 1536.21 700.07 115.09 -0.7 3718413 0.00e+00 1.02e-15 2.50e+01 1.31e-07 -1.97e-03 1.40e-02
0.654 0.0282 2.07e-09 1.77e-09 1496.26 696.11 114.22 -0.7 3678936 0.00e+00 1.21e-15 2.98e+01 1.60e-07 -2.40e-03 1.46e-02
0.668 0.0290 1.95e-09 1.67e-09 1457.29 692.20 113.35 -0.7 3639877 0.00e+00 1.45e-15 3.57e+01 1.95e-07 -2.92e-03 1.53e-02
0.683 0.0299 1.85e-09 1.58e-09 1419.29 688.34 112.49 -0.7 3601233 0.00e+00 1.73e-15 4.29e+01 2.38e-07 -3.57e-03 1.61e-02
0.697 0.0308 1.75e-09 1.50e-09 1382.32 684.48 111.65 -0.7 3562999 0.00e+00 2.09e-15 5.19e+01 2.91e-07 -4.36e-03 1.69e-02
0.713 0.0317 1.65e-09 1.42e-09 1346.26 680.66 110.81 -0.7 3525172 0.00e+00 2.52e-15 6.29e+01 3.55e-07 -5.33e-03 1.78e-02
0.728 0.0326 1.56e-09 1.34e-09 1311.18 676.85 109.98 -0.7 3487746 0.00e+00 3.05e-15 7.64e+01 4.34e-07 -6.51e-03 1.88e-02
0.744 0.0335 1.49e-09 1.28e-09 1283.79 669.51 109.30 -0.7 3450717 0.00e+00 3.56e-15 9.00e+01 5.11e-07 -7.67e-03 1.96e-02
0.760 0.0344 1.43e-09 1.22e-09 1258.94 661.21 108.66 -0.7 3414081 0.00e+00 4.13e-15 1.05e+02 5.95e-07 -8.93e-03 2.03e-02
0.776 0.0353 1.36e-09 1.17e-09 1234.49 653.06 108.03 -0.7 3377834 0.00e+00 4.78e-15 1.23e+02 6.94e-07 -1.04e-02 2.11e-02
0.793 0.0362 1.30e-09 1.11e-09 1210.52 645.00 107.40 -0.7 3341973 0.00e+00 5.53e-15 1.43e+02 8.07e-07 -1.21e-02 2.19e-02
0.810 0.0372 1.24e-09 1.06e-09 1186.94 637.08 106.78 -0.7 3306491 0.00e+00 6.40e-15 1.67e+02 9.39e-07 -1.41e-02 2.27e-02
0.827 0.0381 1.19e-09 1.02e-09 1163.82 629.26 106.17 -0.7 3271387 0.00e+00 7.40e-15 1.95e+02 1.09e-06 -1.64e-02 2.36e-02
0.845 0.0391 1.14e-09 9.72e-10 1141.42 621.39 105.57 -0.7 3236655 0.00e+00 8.54e-15 2.27e+02 1.26e-06 -1.90e-02 2.45e-02
0.863 0.0402 1.09e-09 9.29e-10 1119.36 613.67 104.98 -0.7 3202292 0.00e+00 9.85e-15 2.64e+02 1.46e-06 -2.20e-02 2.53e-02
0.882 0.0412 1.04e-09 8.88e-10 1097.73 606.04 104.39 -0.7 3168294 0.00e+00 1.14e-14 3.06e+02 1.69e-06 -2.54e-02 2.63e-02
0.901 0.0423 9.92e-10 8.49e-10 1076.52 598.51 103.81 -0.7 3134657 0.00e+00 1.31e-14 3.56e+02 1.96e-06 -2.94e-02 2.72e-02
0.921 0.0434 9.48e-10 8.11e-10 1055.72 591.07 103.24 -0.7 3101377 0.00e+00 1.50e-14 4.12e+02 2.26e-06 -3.39e-02 2.81e-02
0.940 0.0445 9.06e-10 7.75e-10 1035.14 583.82 102.67 -0.7 3068450 0.00e+00 1.73e-14 4.78e+02 2.61e-06 -3.91e-02 2.91e-02
0.961 0.0457 8.65e-10 7.40e-10 1014.87 576.71 102.10 -0.7 3035873 0.00e+00 1.98e-14 5.54e+02 3.01e-06 -4.51e-02 3.01e-02
0.981 0.0469 8.27e-10 7.07e-10 995.07 569.66 101.54 -0.7 3003642 0.00e+00 2.28e-14 6.40e+02 3.46e-06 -5.19e-02 3.11e-02
1.003 0.0481 7.90e-10 6.76e-10 975.55 562.74 100.98 -0.7 2971753 0.00e+00 2.61e-14 7.40e+02 3.98e-06 -5.97e-02 3.21e-02
1.024 0.0494 7.55e-10 6.46e-10 956.48 555.88 100.43 -0.7 2940202 0.00e+00 2.98e-14 8.53e+02 4.57e-06 -6.86e-02 3.32e-02
1.046 0.0507 7.21e-10 6.17e-10 937.68 549.15 99.88 -0.7 2908986 0.00e+00 3.41e-14 9.83e+02 5.24e-06 -7.86e-02 3.42e-02
1.069 0.0520 6.88e-10 5.89e-10 919.14 542.57 99.33 -0.7 2878102 0.00e+00 3.89e-14 1.13e+03 6.01e-06 -9.01e-02 3.53e-02
1.092 0.0534 6.58e-10 5.63e-10 901.02 536.04 98.79 -0.7 2847546 0.00e+00 4.44e-14 1.30e+03 6.88e-06 -1.03e-01 3.63e-02
1.116 0.0548 6.28e-10 5.37e-10 883.16 529.65 98.25 -0.7 2817314 0.00e+00 5.06e-14 1.49e+03 7.86e-06 -1.18e-01 3.74e-02
1.140 0.0562 6.00e-10 5.13e-10 865.69 523.31 97.72 -0.7 2787403 0.00e+00 5.75e-14 1.71e+03 8.97e-06 -1.34e-01 3.85e-02
1.164 0.0577 5.73e-10 4.90e-10 848.54 517.06 97.19 -0.7 2757810 0.00e+00 6.53e-14 1.96e+03 1.02e-05 -1.53e-01 3.95e-02
1.189 0.0592 5.47e-10 4.68e-10 831.69 510.91 96.67 -0.7 2728531 0.00e+00 7.41e-14 2.24e+03 1.16e-05 -1.73e-01 4.06e-02
1.215 0.0608 5.22e-10 4.47e-10 815.07 504.90 96.14 -0.7 2699562 0.00e+00 8.40e-14 2.56e+03 1.32e-05 -1.96e-01 4.17e-02
1.241 0.0624 4.99e-10 4.27e-10 798.81 498.94 95.63 -0.7 2670902 0.00e+00 9.50e-14 2.92e+03 1.49e-05 -2.21e-01 4.28e-02
1.268 0.0641 4.76e-10 4.07e-10 782.84 493.08 95.11 -0.7 2642545 0.00e+00 1.07e-13 3.33e+03 1.68e-05 -2.48e-01 4.39e-02
1.295 0.0658 4.54e-10 3.89e-10 767.15 487.31 94.60 -0.7 2614490 0.00e+00 1.21e-13 3.79e+03 1.88e-05 -2.77e-01 4.50e-02
1.323 0.0675 4.34e-10 3.71e-10 751.80 481.59 94.09 -0.7 2586732 0.00e+00 1.37e-13 4.30e+03 2.10e-05 -3.08e-01 4.60e-02
1.352 0.0693 4.14e-10 3.54e-10 736.73 475.95 93.59 -0.7 2559269 0.00e+00 1.54e-13 4.88e+03 2.34e-05 -3.40e-01 4.71e-02
1.381 0.0711 3.95e-10 3.38e-10 721.91 470.42 93.09 -0.7 2532098 0.00e+00 1.73e-13 5.53e+03 2.58e-05 -3.73e-01 4.82e-02
1.411 0.0730 3.77e-10 3.23e-10 707.37 464.96 92.59 -0.7 2505215 0.00e+00 1.94e-13 6.26e+03 2.84e-05 -4.05e-01 4.92e-02
1.441 0.0749 3.60e-10 3.08e-10 693.11 459.57 92.09 -0.7 2478618 0.00e+00 2.18e-13 7.08e+03 -1.33e-05 -6.94e-01 5.03e-02
1.472 0.0769 3.44e-10 2.94e-10 679.12 454.25 91.60 -0.7 2452303 0.00e+00 2.44e-13 8.00e+03 -1.33e-05 -6.94e-01 5.13e-02
1.504 0.0790 3.28e-10 2.81e-10 665.44 448.98 91.11 -0.7 2426267 0.00e+00 2.73e-13 9.02e+03 -1.33e-05 -6.94e-01 5.23e-02
1.537 0.0813 3.11e-10 2.66e-10 649.02 445.83 90.53 -0.7 2400508 0.00e+00 3.12e-13 1.03e+04 -1.33e-05 -6.94e-01 5.37e-02
1.570 0.0838 2.93e-10 2.51e-10 630.69 444.33 89.86 -0.7 2375022 0.00e+00 3.61e-13 1.20e+04 -1.33e-05 -6.94e-01 5.52e-02
1.604 0.0863 2.77e-10 2.37e-10 612.85 442.85 89.21 -0.7 2349807 0.00e+00 4.17e-13 1.39e+04 -1.33e-05 -6.94e-01 5.68e-02
1.638 0.0890 2.61e-10 2.23e-10 595.56 441.35 88.55 -0.7 2324859 0.00e+00 4.81e-13 1.61e+04 -1.33e-05 -6.94e-01 5.83e-02
1.673 0.0917 2.46e-10 2.10e-10 578.73 439.87 87.91 -0.7 2300177 0.00e+00 5.53e-13 1.85e+04 -1.33e-05 -6.94e-01 5.98e-02
1.710 0.0946 2.32e-10 1.98e-10 562.38 438.40 87.27 -0.7 2275756 0.00e+00 6.34e-13 2.13e+04 -1.33e-05 -6.94e-01 6.12e-02
1.746 0.0975 2.18e-10 1.87e-10 546.47 436.94 86.63 -0.7 2251595 0.00e+00 7.27e-13 2.44e+04 -1.33e-05 -6.94e-01 6.27e-02
1.784 0.1005 2.06e-10 1.76e-10 531.05 435.46 86.00 -0.7 2227690 0.00e+00 8.30e-13 2.80e+04 -1.33e-05 -6.94e-01 6.41e-02
1.823 0.1036 1.94e-10 1.66e-10 516.04 434.01 85.37 -0.7 2204039 0.00e+00 9.46e-13 3.20e+04 -1.33e-05 -6.94e-01 6.54e-02
1.862 0.1068 1.83e-10 1.57e-10 501.45 432.55 84.75 -0.7 2180639 0.00e+00 1.08e-12 3.65e+04 -1.33e-05 -6.94e-01 6.67e-02
1.902 0.1101 1.72e-10 1.48e-10 487.26 431.12 84.13 -0.7 2157488 0.00e+00 1.22e-12 4.15e+04 -1.33e-05 -6.94e-01 6.80e-02
1.943 0.1135 1.63e-10 1.39e-10 473.51 429.67 83.52 -0.7 2134582 0.00e+00 1.39e-12 4.71e+04 -3.44e-05 -4.08e-01 6.92e-02
1.985 0.1170 1.53e-10 1.31e-10 460.12 428.24 82.91 -0.7 2111920 0.00e+00 1.57e-12 5.34e+04 -3.44e-05 -4.08e-01 7.04e-02
2.028 0.1206 1.44e-10 1.24e-10 447.11 426.81 82.31 -0.7 2089498 0.00e+00 1.77e-12 6.05e+04 -3.44e-05 -4.08e-01 7.15e-02
2.072 0.1243 1.36e-10 1.17e-10 434.48 425.38 81.71 -0.7 2067314 0.00e+00 2.00e-12 6.83e+04 -3.44e-05 -4.08e-01 7.26e-02
2.116 0.1281 1.28e-10 1.10e-10 422.18 423.97 81.12 -0.7 2045366 0.00e+00 2.25e-12 7.71e+04 -3.44e-05 -4.08e-01 7.37e-02
2.162 0.1320 1.21e-10 1.04e-10 410.26 422.54 80.53 -0.8 2023650 0.00e+00 2.52e-12 8.68e+04 -3.44e-05 -4.08e-01 7.47e-02
2.209 0.1361 1.14e-10 9.76e-11 398.66 421.13 79.95 -0.8 2002166 0.00e+00 2.83e-12 9.75e+04 -3.44e-05 -4.08e-01 7.56e-02
2.256 0.1403 1.08e-10 9.20e-11 387.39 419.73 79.37 -0.8 1980909 0.00e+00 3.17e-12 1.09e+05 -3.44e-05 -4.08e-01 7.65e-02
2.305 0.1446 1.01e-10 8.68e-11 376.44 418.32 78.79 -0.8 1959878 0.00e+00 3.54e-12 1.23e+05 -3.44e-05 -4.08e-01 7.74e-02
2.355 0.1491 9.56e-11 8.18e-11 365.79 416.94 78.22 -0.8 1939070 0.00e+00 3.96e-12 1.37e+05 -3.44e-05 -4.08e-01 7.82e-02
2.406 0.1532 9.09e-11 7.78e-11 357.51 413.15 77.77 -0.8 1918484 0.00e+00 4.33e-12 1.51e+05 -3.44e-05 -4.08e-01 7.87e-02
2.458 0.1575 8.65e-11 7.40e-11 349.53 409.26 77.32 -0.8 1898116 0.00e+00 4.73e-12 1.66e+05 -3.44e-05 -4.08e-01 7.91e-02
2.511 0.1618 8.23e-11 7.04e-11 341.74 405.40 76.88 -0.8 1877964 0.00e+00 5.16e-12 1.82e+05 -3.44e-05 -4.08e-01 7.95e-02
2.565 0.1663 7.83e-11 6.70e-11 334.12 401.58 76.44 -0.8 1858026 0.00e+00 5.62e-12 2.00e+05 -3.44e-05 -4.08e-01 7.99e-02
2.620 0.1709 7.45e-11 6.37e-11 326.67 397.79 76.00 -0.8 1838299 0.00e+00 5.45e-12 1.95e+05 -3.44e-05 -4.08e-01 7.57e-02
2.677 0.1756 7.08e-11 6.06e-11 319.38 394.05 75.57 -0.8 1818782 0.00e+00 5.00e-12 1.80e+05 -3.44e-05 -4.08e-01 6.98e-02
2.734 0.1805 6.74e-11 5.77e-11 312.25 390.35 75.14 -0.8 1799473 0.00e+00 4.71e-12 1.71e+05 -3.44e-05 -4.08e-01 6.51e-02
2.793 0.1854 6.43e-11 5.50e-11 305.73 386.11 74.74 -0.8 1780368 0.00e+00 4.42e-12 1.61e+05 -3.44e-05 -4.08e-01 6.08e-02
2.854 0.1903 6.13e-11 5.25e-11 299.57 381.63 74.35 -0.8 1761466 0.00e+00 4.17e-12 1.54e+05 -3.44e-05 -4.08e-01 5.70e-02
2.915 0.1953 5.85e-11 5.01e-11 293.54 377.19 73.97 -0.8 1742765 0.00e+00 4.01e-12 1.49e+05 -3.44e-05 -4.08e-01 5.39e-02
2.978 0.2005 5.59e-11 4.78e-11 287.64 372.81 73.59 -0.8 1724262 0.00e+00 3.90e-12 1.46e+05 -3.44e-05 -4.08e-01 5.12e-02
3.042 0.2058 5.33e-11 4.56e-11 281.85 368.47 73.21 -0.8 1705956 0.00e+00 3.83e-12 1.44e+05 -3.44e-05 -4.08e-01 4.90e-02
3.108 0.2113 5.09e-11 4.36e-11 276.17 364.20 72.83 -0.8 1687844 0.00e+00 3.80e-12 1.44e+05 -3.44e-05 -4.08e-01 4.70e-02
3.175 0.2169 4.86e-11 4.16e-11 270.64 359.93 72.46 -0.8 1669925 0.00e+00 3.78e-12 1.45e+05 -3.44e-05 -4.08e-01 4.52e-02
3.244 0.2226 4.64e-11 3.97e-11 265.20 355.74 72.09 -0.8 1652196 0.00e+00 3.79e-12 1.46e+05 -3.44e-05 -4.08e-01 4.37e-02
3.314 0.2285 4.43e-11 3.79e-11 259.88 351.59 71.72 -0.8 1634654 0.00e+00 3.82e-12 1.49e+05 -3.44e-05 -4.08e-01 4.23e-02
3.385 0.2346 4.23e-11 3.62e-11 254.67 347.46 71.35 -0.8 1617300 0.00e+00 3.86e-12 1.51e+05 -3.44e-05 -4.08e-01 4.10e-02
3.458 0.2408 4.04e-11 3.45e-11 249.56 343.41 70.99 -0.8 1600129 0.00e+00 3.92e-12 1.55e+05 -3.44e-05 -4.08e-01 3.98e-02
3.533 0.2472 3.85e-11 3.30e-11 244.55 339.40 70.63 -0.8 1583141 0.00e+00 3.99e-12 1.59e+05 -3.44e-05 -4.08e-01 3.88e-02
3.609 0.2537 3.68e-11 3.15e-11 239.67 335.40 70.27 -0.8 1566333 0.00e+00 4.07e-12 1.63e+05 -3.44e-05 -4.08e-01 3.78e-02
3.687 0.2604 3.51e-11 3.01e-11 234.87 331.47 69.91 -0.8 1549703 0.00e+00 4.17e-12 1.68e+05 -3.44e-05 -4.08e-01 3.68e-02
3.766 0.2673 3.35e-11 2.87e-11 230.18 327.56 69.56 -0.8 1533250 0.00e+00 4.27e-12 1.74e+05 -3.44e-05 -4.08e-01 3.60e-02
3.848 0.2744 3.20e-11 2.74e-11 225.59 323.69 69.20 -0.8 1516972 0.00e+00 4.38e-12 1.80e+05 -3.44e-05 -4.08e-01 3.51e-02
3.931 0.2816 3.06e-11 2.62e-11 221.09 319.88 68.85 -0.8 1500867 0.00e+00 4.51e-12 1.87e+05 -3.44e-05 -4.08e-01 3.44e-02
4.015 0.2891 2.92e-11 2.50e-11 216.67 316.11 68.50 -0.8 1484932 0.00e+00 4.65e-12 1.94e+05 -3.44e-05 -4.08e-01 3.36e-02
4.102 0.2967 2.79e-11 2.39e-11 212.39 312.32 68.16 -0.8 1469167 0.00e+00 4.79e-12 2.01e+05 -3.44e-05 -4.08e-01 3.29e-02
4.191 0.3045 2.66e-11 2.28e-11 208.18 308.60 67.82 -0.8 1453569 0.00e+00 4.94e-12 2.09e+05 1.08e-05 -8.17e-02 3.23e-02
4.281 0.3125 2.54e-11 2.18e-11 204.06 304.91 67.48 -0.8 1438137 0.00e+00 5.10e-12 2.18e+05 1.08e-05 -8.17e-02 3.17e-02
4.373 0.3208 2.43e-11 2.08e-11 200.01 301.28 67.14 -0.8 1422869 0.00e+00 5.28e-12 2.27e+05 1.08e-05 -8.17e-02 3.11e-02
4.468 0.3292 2.32e-11 1.98e-11 196.05 297.68 66.80 -0.8 1407762 0.00e+00 5.46e-12 2.37e+05 1.08e-05 -8.17e-02 3.05e-02
4.564 0.3380 2.21e-11 1.89e-11 192.08 294.25 66.46 -0.8 1392816 0.00e+00 5.67e-12 2.48e+05 1.08e-05 -8.17e-02 2.99e-02
4.663 0.3472 2.11e-11 1.80e-11 187.98 291.20 66.10 -0.8 1378029 0.00e+00 5.93e-12 2.61e+05 1.08e-05 -8.17e-02 2.95e-02
4.763 0.3566 2.01e-11 1.72e-11 183.97 288.17 65.74 -0.8 1363399 0.00e+00 6.19e-12 2.75e+05 1.08e-05 -8.17e-02 2.90e-02
4.866 0.3663 1.92e-11 1.64e-11 180.05 285.16 65.38 -0.8 1348924 0.00e+00 6.47e-12 2.89e+05 1.08e-05 -8.17e-02 2.86e-02
4.971 0.3762 1.82e-11 1.56e-11 176.22 282.18 65.03 -0.8 1334602 0.00e+00 6.77e-12 3.04e+05 1.08e-05 -8.17e-02 2.81e-02
5.078 0.3864 1.74e-11 1.49e-11 172.45 279.25 64.68 -0.8 1320433 0.00e+00 7.08e-12 3.21e+05 1.08e-05 -8.17e-02 2.77e-02
5.188 0.3969 1.66e-11 1.42e-11 168.76 276.37 64.33 -0.8 1306414 0.00e+00 7.41e-12 3.38e+05 1.08e-05 -8.17e-02 2.73e-02
5.300 0.4077 1.58e-11 1.35e-11 165.15 273.51 63.98 -0.8 1292544 0.00e+00 7.75e-12 3.56e+05 1.08e-05 -8.17e-02 2.69e-02
5.414 0.4188 1.50e-11 1.29e-11 161.61 270.69 63.63 -0.8 1278822 0.00e+00 8.12e-12 3.75e+05 1.08e-05 -8.17e-02 2.65e-02
5.531 0.4302 1.43e-11 1.23e-11 158.14 267.93 63.29 -0.8 1265245 0.00e+00 8.51e-12 3.96e+05 1.08e-05 -8.17e-02 2.61e-02
5.650 0.4419 1.36e-11 1.17e-11 154.74 265.19 62.94 -0.8 1251812 0.00e+00 8.91e-12 4.18e+05 1.08e-05 -8.17e-02 2.58e-02
5.772 0.4540 1.30e-11 1.11e-11 151.41 262.47 62.60 -0.8 1238522 0.00e+00 9.34e-12 4.41e+05 1.08e-05 -8.17e-02 2.54e-02
5.897 0.4663 1.24e-11 1.06e-11 148.16 259.77 62.26 -0.8 1225372 0.00e+00 9.79e-12 4.65e+05 1.08e-05 -8.17e-02 2.50e-02
6.024 0.4790 1.18e-11 1.01e-11 144.98 257.10 61.92 -0.8 1212363 0.00e+00 1.03e-11 4.91e+05 1.08e-05 -8.17e-02 2.47e-02
6.154 0.4915 1.13e-11 9.64e-12 142.21 253.86 61.62 -0.8 1199491 0.00e+00 1.07e-11 5.14e+05 1.08e-05 -8.17e-02 2.43e-02
6.287 0.5042 1.08e-11 9.22e-12 139.51 250.62 61.33 -0.8 1186757 0.00e+00 1.11e-11 5.39e+05 1.08e-05 -8.17e-02 2.39e-02
6.422 0.5173 1.03e-11 8.82e-12 136.85 247.42 61.03 -0.8 1174157 0.00e+00 1.15e-11 5.65e+05 1.08e-05 -8.17e-02 2.35e-02
6.561 0.5307 9.85e-12 8.43e-12 134.25 244.28 60.74 -0.8 1161691 0.00e+00 1.20e-11 5.92e+05 1.08e-05 -8.17e-02 2.32e-02
6.703 0.5445 9.42e-12 8.06e-12 131.69 241.18 60.45 -0.8 1149358 0.00e+00 1.24e-11 6.21e+05 1.08e-05 -8.17e-02 2.28e-02
6.847 0.5586 9.01e-12 7.71e-12 129.20 238.07 60.16 -0.8 1137155 0.00e+00 1.29e-11 6.51e+05 1.08e-05 -8.17e-02 2.24e-02
6.995 0.5730 8.62e-12 7.38e-12 126.78 234.97 59.88 -0.8 1125082 0.00e+00 1.35e-11 6.83e+05 1.08e-05 -8.17e-02 2.21e-02
7.146 0.5878 8.25e-12 7.06e-12 124.41 231.91 59.59 -0.8 1113138 0.00e+00 1.40e-11 7.16e+05 1.08e-05 -8.17e-02 2.18e-02
7.300 0.6029 7.89e-12 6.75e-12 122.08 228.89 59.31 -0.8 1101320 0.00e+00 1.46e-11 7.52e+05 1.08e-05 -8.17e-02 2.14e-02
7.457 0.6185 7.55e-12 6.46e-12 119.80 225.90 59.03 -0.7 1089627 0.00e+00 1.51e-11 7.89e+05 1.08e-05 -8.17e-02 2.11e-02
7.618 0.6344 7.22e-12 6.18e-12 117.56 222.94 58.75 -0.7 1078059 0.00e+00 1.58e-11 8.28e+05 1.08e-05 -8.17e-02 2.08e-02
7.783 0.6507 6.91e-12 5.91e-12 115.40 219.96 58.48 -0.7 1066613 0.00e+00 1.64e-11 8.68e+05 1.08e-05 -8.17e-02 2.05e-02
7.951 0.6673 6.61e-12 5.66e-12 113.28 217.02 58.21 -0.7 1055289 0.00e+00 1.70e-11 9.11e+05 1.08e-05 -8.17e-02 2.02e-02
8.122 0.6844 6.33e-12 5.42e-12 111.19 214.12 57.94 -0.7 1044085 0.00e+00 1.77e-11 9.56e+05 1.08e-05 -8.17e-02 1.99e-02
8.297 0.7020 6.06e-12 5.18e-12 109.14 211.26 57.67 -0.7 1033000 0.00e+00 1.84e-11 1.00e+06 1.08e-05 -8.17e-02 1.96e-02
8.477 0.7199 5.80e-12 4.96e-12 107.14 208.44 57.40 -0.7 1022033 0.00e+00 1.92e-11 1.05e+06 1.08e-05 -8.17e-02 1.93e-02
8.659 0.7382 5.55e-12 4.75e-12 105.21 205.57 57.14 -0.7 1011182 0.00e+00 2.00e-11 1.11e+06 1.08e-05 -8.17e-02 1.90e-02
8.846 0.7570 5.32e-12 4.55e-12 103.30 202.76 56.88 -0.7 1000447 0.00e+00 2.08e-11 1.16e+06 1.08e-05 -8.17e-02 1.88e-02
9.037 0.7763 5.09e-12 4.36e-12 101.44 199.98 56.62 -0.7 989825 0.00e+00 2.16e-11 1.22e+06 1.08e-05 -8.17e-02 1.85e-02
9.232 0.7961 4.87e-12 4.17e-12 99.60 197.25 56.36 -0.7 979317 0.00e+00 2.25e-11 1.28e+06 1.08e-05 -8.17e-02 1.82e-02
9.431 0.8163 4.67e-12 3.99e-12 97.81 194.54 56.11 -0.7 968919 0.00e+00 2.34e-11 1.34e+06 1.08e-05 -8.17e-02 1.80e-02
9.635 0.8369 4.47e-12 3.83e-12 96.08 191.81 55.86 -0.7 958632 0.00e+00 2.43e-11 1.41e+06 1.08e-05 -8.17e-02 1.77e-02
9.843 0.8580 4.28e-12 3.67e-12 94.37 189.11 55.61 -0.7 948455 0.00e+00 2.53e-11 1.48e+06 1.08e-05 -8.17e-02 1.74e-02
10.055 0.8797 4.10e-12 3.51e-12 92.70 186.47 55.36 -0.7 938385 0.00e+00 2.63e-11 1.55e+06 1.08e-05 -8.17e-02 1.72e-02
10.272 0.9020 3.93e-12 3.37e-12 91.06 183.84 55.11 -0.7 928423 0.00e+00 2.73e-11 1.63e+06 1.08e-05 -8.17e-02 1.70e-02
10.494 0.9247 3.77e-12 3.22e-12 89.45 181.24 54.87 -0.7 918566 0.00e+00 2.84e-11 1.71e+06 1.08e-05 -8.17e-02 1.67e-02
10.720 0.9479 3.61e-12 3.09e-12 87.89 178.65 54.63 -0.7 908813 0.00e+00 2.96e-11 1.79e+06 1.08e-05 -8.17e-02 1.65e-02
10.951 0.9717 3.46e-12 2.96e-12 86.36 176.08 54.39 -0.7 899165 0.00e+00 3.07e-11 1.88e+06 1.08e-05 -8.17e-02 1.63e-02
11.188 0.9961 3.32e-12 2.84e-12 84.86 173.54 54.15 -0.7 889619 0.00e+00 3.20e-11 1.98e+06 1.08e-05 -8.17e-02 1.60e-02
11.429 1.0211 3.18e-12 2.72e-12 83.39 171.05 53.91 -0.7 880174 0.00e+00 3.32e-11 2.07e+06 1.08e-05 -8.17e-02 1.58e-02
11.676 1.0466 3.05e-12 2.61e-12 81.95 168.57 53.68 -0.7 870829 0.00e+00 3.46e-11 2.18e+06 1.08e-05 -8.17e-02 1.56e-02
11.928 1.0727 2.93e-12 2.50e-12 80.55 166.09 53.45 -0.7 861584 0.00e+00 3.59e-11 2.28e+06 1.08e-05 -8.17e-02 1.54e-02
12.185 1.0995 2.81e-12 2.40e-12 79.17 163.66 53.22 -0.7 852436 0.00e+00 3.73e-11 2.40e+06 1.08e-05 -8.17e-02 1.52e-02
12.448 1.1269 2.69e-12 2.30e-12 77.82 161.25 52.99 -0.7 843386 0.00e+00 3.88e-11 2.52e+06 1.08e-05 -8.17e-02 1.50e-02
12.716 1.1550 2.58e-12 2.21e-12 76.49 158.88 52.76 -0.7 834432 0.00e+00 4.04e-11 2.64e+06 1.08e-05 -8.17e-02 1.48e-02
12.991 1.1837 2.47e-12 2.12e-12 75.19 156.54 52.53 -0.7 825573 0.00e+00 4.20e-11 2.77e+06 1.08e-05 -8.17e-02 1.45e-02
13.271 1.2132 2.37e-12 2.03e-12 73.91 154.23 52.31 -0.7 816808 0.00e+00 4.36e-11 2.91e+06 1.08e-05 -8.17e-02 1.44e-02
13.557 1.2434 2.28e-12 1.95e-12 72.65 151.95 52.08 -0.7 808136 0.00e+00 4.54e-11 3.06e+06 1.08e-05 -8.17e-02 1.42e-02
13.850 1.2743 2.18e-12 1.87e-12 71.42 149.70 51.86 -0.7 799556 0.00e+00 4.72e-11 3.21e+06 1.08e-05 -8.17e-02 1.40e-02
14.149 1.3072 2.09e-12 1.79e-12 70.08 147.77 51.62 -0.7 791068 0.00e+00 4.97e-11 3.41e+06 1.08e-05 -8.17e-02 1.38e-02
14.454 1.3466 1.97e-12 1.69e-12 68.19 147.08 51.26 -0.7 782669 0.00e+00 5.31e-11 3.65e+06 1.08e-05 -8.17e-02 1.37e-02
14.766 1.3872 1.86e-12 1.59e-12 66.35 146.39 50.91 -0.7 774359 0.00e+00 5.67e-11 3.91e+06 1.08e-05 -8.17e-02 1.36e-02
15.085 1.4289 1.76e-12 1.51e-12 64.56 145.70 50.57 -0.7 766138 0.00e+00 6.06e-11 4.19e+06 1.08e-05 -8.17e-02 1.34e-02
15.410 1.4720 1.66e-12 1.42e-12 62.82 145.02 50.22 -0.7 758004 0.00e+00 6.46e-11 4.49e+06 1.08e-05 -8.17e-02 1.33e-02
15.743 1.5163 1.57e-12 1.34e-12 61.13 144.34 49.88 -0.7 749957 0.00e+00 6.90e-11 4.80e+06 1.08e-05 -8.17e-02 1.31e-02
16.082 1.5619 1.48e-12 1.27e-12 59.48 143.66 49.54 -0.7 741995 0.00e+00 7.36e-11 5.14e+06 1.08e-05 -8.17e-02 1.30e-02
16.429 1.6090 1.40e-12 1.20e-12 57.88 142.99 49.20 -0.7 734117 0.00e+00 7.85e-11 5.50e+06 1.08e-05 -8.17e-02 1.28e-02
16.784 1.6572 1.32e-12 1.13e-12 56.34 142.27 48.87 -0.7 726323 0.00e+00 8.37e-11 5.88e+06 1.08e-05 -8.17e-02 1.27e-02
17.146 1.7068 1.25e-12 1.07e-12 54.84 141.56 48.54 -0.7 718612 0.00e+00 8.92e-11 6.29e+06 1.08e-05 -8.17e-02 1.26e-02
17.516 1.7579 1.18e-12 1.01e-12 53.38 140.84 48.22 -0.7 710982 0.00e+00 9.51e-11 6.72e+06 1.08e-05 -8.17e-02 1.24e-02
17.894 1.8104 1.12e-12 9.57e-13 51.96 140.12 47.90 -0.7 703434 0.00e+00 1.01e-10 7.18e+06 1.08e-05 -8.17e-02 1.23e-02
18.280 1.8641 1.06e-12 9.05e-13 50.61 139.34 47.58 -0.7 695966 0.00e+00 1.08e-10 7.67e+06 1.08e-05 -8.17e-02 1.21e-02
18.674 1.9174 1.00e-12 8.59e-13 49.39 138.27 47.29 -0.7 688577 0.00e+00 1.14e-10 8.17e+06 1.08e-05 -8.17e-02 1.20e-02
19.077 1.9655 9.62e-13 8.23e-13 48.53 136.28 47.09 -0.7 681266 0.00e+00 1.20e-10 8.64e+06 1.08e-05 -8.17e-02 1.19e-02
19.489 2.0150 9.22e-13 7.89e-13 47.68 134.35 46.88 -0.7 674033 0.00e+00 1.25e-10 9.13e+06 1.08e-05 -8.17e-02 1.18e-02
19.909 2.0676 8.81e-13 7.54e-13 46.76 132.68 46.65 -0.7 666877 0.00e+00 1.32e-10 9.68e+06 1.08e-05 -8.17e-02 1.16e-02
20.339 2.1233 8.40e-13 7.19e-13 45.78 131.25 46.40 -0.7 659797 0.00e+00 1.39e-10 1.03e+07 1.08e-05 -8.17e-02 1.15e-02
20.778 2.1820 7.99e-13 6.84e-13 44.76 130.01 46.14 -0.7 652792 0.00e+00 1.47e-10 1.09e+07 1.08e-05 -8.17e-02 1.14e-02
21.226 2.2438 7.59e-13 6.49e-13 43.70 128.95 45.87 -0.7 645862 0.00e+00 1.55e-10 1.16e+07 1.08e-05 -8.17e-02 1.13e-02
21.684 2.3004 7.27e-13 6.22e-13 42.93 127.12 45.66 -0.7 639005 0.00e+00 1.63e-10 1.23e+07 1.08e-05 -8.17e-02 1.11e-02
22.152 2.3574 6.98e-13 5.97e-13 42.22 125.22 45.47 -0.7 632220 0.00e+00 1.70e-10 1.30e+07 1.08e-05 -8.17e-02 1.10e-02
22.630 2.4156 6.70e-13 5.73e-13 41.51 123.32 45.28 -0.7 625508 0.00e+00 1.78e-10 1.37e+07 1.08e-05 -8.17e-02 1.09e-02
23.118 2.4754 6.42e-13 5.50e-13 40.82 121.47 45.09 -0.7 618867 0.00e+00 1.86e-10 1.44e+07 1.08e-05 -8.17e-02 1.08e-02
23.617 2.5366 6.16e-13 5.27e-13 40.14 119.64 44.90 -0.7 612297 0.00e+00 1.94e-10 1.52e+07 1.08e-05 -8.17e-02 1.07e-02
24.127 2.5991 5.92e-13 5.06e-13 39.47 117.82 44.71 -0.7 605796 0.00e+00 2.03e-10 1.61e+07 1.08e-05 -8.17e-02 1.06e-02
24.647 2.6632 5.68e-13 4.86e-13 38.82 116.03 44.53 -0.7 599365 0.00e+00 2.12e-10 1.70e+07 1.08e-05 -8.17e-02 1.04e-02
25.179 2.7289 5.45e-13 4.66e-13 38.18 114.26 44.34 -0.7 593001 0.00e+00 2.22e-10 1.79e+07 1.08e-05 -8.17e-02 1.03e-02
25.722 2.7962 5.23e-13 4.48e-13 37.54 112.53 44.16 -0.7 586706 0.00e+00 2.32e-10 1.89e+07 1.11e-05 -8.04e-02 1.02e-02
26.277 2.8651 5.02e-13 4.30e-13 36.92 110.81 43.97 -0.7 580477 0.00e+00 2.42e-10 1.99e+07 1.14e-05 -7.92e-02 1.01e-02
26.844 2.9357 4.82e-13 4.12e-13 36.31 109.12 43.79 -0.7 574314 0.00e+00 2.53e-10 2.10e+07 1.15e-05 -7.80e-02 1.00e-02
27.423 3.0079 4.63e-13 3.96e-13 35.72 107.45 43.61 -0.7 568216 0.00e+00 2.64e-10 2.22e+07 1.18e-05 -7.69e-02 9.90e-03
28.015 3.0820 4.44e-13 3.80e-13 35.13 105.81 43.43 -0.7 562184 0.00e+00 2.76e-10 2.34e+07 1.18e-05 -7.57e-02 9.80e-03
28.620 3.1578 4.26e-13 3.65e-13 34.55 104.19 43.25 -0.7 556215 0.00e+00 2.89e-10 2.47e+07 1.21e-05 -7.46e-02 9.69e-03
29.237 3.2355 4.09e-13 3.50e-13 33.98 102.59 43.07 -0.7 550310 0.00e+00 3.01e-10 2.61e+07 1.19e-05 -7.34e-02 9.59e-03
29.868 3.3149 3.93e-13 3.36e-13 33.42 101.01 42.89 -0.7 544467 0.00e+00 3.15e-10 2.75e+07 1.20e-05 -7.23e-02 9.49e-03
30.512 3.3964 3.77e-13 3.23e-13 32.87 99.46 42.71 -0.7 538687 0.00e+00 3.29e-10 2.90e+07 1.18e-05 -7.12e-02 9.38e-03
31.171 3.4801 3.62e-13 3.10e-13 32.33 97.94 42.54 -0.7 532968 0.00e+00 3.43e-10 3.06e+07 1.17e-05 -7.01e-02 9.28e-03
31.843 3.5655 3.47e-13 2.97e-13 31.80 96.44 42.36 -0.7 527309 0.00e+00 3.59e-10 3.22e+07 1.20e-05 -6.90e-02 9.18e-03
32.530 3.6530 3.34e-13 2.85e-13 31.28 94.95 42.19 -0.7 521711 0.00e+00 3.74e-10 3.40e+07 1.20e-05 -6.80e-02 9.08e-03
33.232 3.7427 3.20e-13 2.74e-13 30.77 93.49 42.01 -0.7 516172 0.00e+00 3.91e-10 3.58e+07 1.20e-05 -6.69e-02 8.98e-03
33.949 3.8347 3.07e-13 2.63e-13 30.27 92.05 41.84 -0.7 510692 0.00e+00 4.08e-10 3.78e+07 1.20e-05 -6.59e-02 8.89e-03
34.682 3.9289 2.95e-13 2.53e-13 29.77 90.63 41.67 -0.6 505270 0.00e+00 4.26e-10 3.98e+07 1.20e-05 -6.49e-02 8.79e-03
35.430 4.0254 2.83e-13 2.43e-13 29.29 89.24 41.50 -0.6 499906 0.00e+00 4.45e-10 4.20e+07 1.19e-05 -6.38e-02 8.69e-03
36.195 4.1242 2.72e-13 2.33e-13 28.81 87.86 41.33 -0.6 494598 0.00e+00 4.65e-10 4.42e+07 1.20e-05 -6.28e-02 8.60e-03
36.975 4.2254 2.61e-13 2.24e-13 28.34 86.51 41.16 -0.6 489347 0.00e+00 4.85e-10 4.66e+07 1.20e-05 -6.18e-02 8.50e-03
37.773 4.3291 2.51e-13 2.15e-13 27.87 85.17 40.99 -0.6 484152 0.00e+00 5.06e-10 4.91e+07 1.20e-05 -6.09e-02 8.41e-03
38.588 4.4355 2.41e-13 2.06e-13 27.42 83.86 40.82 -0.6 479012 0.00e+00 5.28e-10 5.18e+07 1.20e-05 -5.99e-02 8.32e-03
39.421 4.5443 2.31e-13 1.98e-13 26.97 82.57 40.65 -0.6 473926 0.00e+00 5.52e-10 5.46e+07 1.20e-05 -5.89e-02 8.23e-03
40.271 4.6558 2.22e-13 1.90e-13 26.53 81.29 40.48 -0.6 468895 0.00e+00 5.76e-10 5.75e+07 1.20e-05 -5.80e-02 8.14e-03
41.140 4.7701 2.13e-13 1.82e-13 26.09 80.04 40.32 -0.6 463916 0.00e+00 6.01e-10 6.06e+07 1.20e-05 -5.71e-02 8.05e-03
42.028 4.8873 2.05e-13 1.75e-13 25.67 78.80 40.15 -0.6 458991 0.00e+00 6.27e-10 6.39e+07 1.20e-05 -5.61e-02 7.96e-03
42.935 5.0074 1.96e-13 1.68e-13 25.25 77.59 39.99 -0.6 454118 0.00e+00 6.55e-10 6.73e+07 1.20e-05 -5.52e-02 7.87e-03
43.861 5.1303 1.89e-13 1.61e-13 24.83 76.40 39.82 -0.6 449297 0.00e+00 6.83e-10 7.09e+07 1.20e-05 -5.43e-02 7.78e-03
44.808 5.2563 1.81e-13 1.55e-13 24.43 75.22 39.66 -0.6 444527 0.00e+00 7.13e-10 7.47e+07 1.20e-05 -5.34e-02 7.70e-03
45.774 5.3855 1.74e-13 1.49e-13 24.03 74.07 39.49 -0.6 439807 0.00e+00 7.44e-10 7.87e+07 1.21e-05 -5.26e-02 7.61e-03
46.762 5.5178 1.67e-13 1.43e-13 23.63 72.93 39.33 -0.6 435138 0.00e+00 7.76e-10 8.29e+07 1.21e-05 -5.17e-02 7.53e-03
47.771 5.6534 1.60e-13 1.37e-13 23.24 71.81 39.17 -0.6 430518 0.00e+00 8.10e-10 8.74e+07 1.21e-05 -5.08e-02 7.44e-03
48.802 5.7924 1.54e-13 1.32e-13 22.86 70.70 39.01 -0.6 425947 0.00e+00 8.46e-10 9.21e+07 1.21e-05 -5.00e-02 7.36e-03
49.855 5.9351 1.48e-13 1.26e-13 22.49 69.63 38.85 -0.6 421425 0.00e+00 8.83e-10 9.70e+07 1.21e-05 -4.92e-02 7.28e-03
50.931 6.0810 1.42e-13 1.21e-13 22.12 68.56 38.68 -0.6 416951 0.00e+00 9.21e-10 1.02e+08 1.21e-05 -4.84e-02 7.20e-03
52.029 6.2307 1.36e-13 1.16e-13 21.75 67.51 38.52 -0.6 412524 0.00e+00 9.61e-10 1.08e+08 1.21e-05 -4.75e-02 7.11e-03
53.152 6.3841 1.31e-13 1.12e-13 21.39 66.48 38.36 -0.6 408145 0.00e+00 1.00e-09 1.13e+08 1.22e-05 -4.68e-02 7.03e-03
54.299 6.5414 1.25e-13 1.07e-13 21.04 65.47 38.20 -0.6 403811 0.00e+00 1.05e-09 1.19e+08 1.22e-05 -4.60e-02 6.95e-03
55.470 6.7027 1.20e-13 1.03e-13 20.69 64.47 38.05 -0.6 399524 0.00e+00 1.09e-09 1.26e+08 1.22e-05 -4.52e-02 6.88e-03
56.667 6.8681 1.15e-13 9.88e-14 20.35 63.49 37.89 -0.6 395283 0.00e+00 1.14e-09 1.33e+08 1.22e-05 -4.44e-02 6.80e-03
57.890 7.0375 1.11e-13 9.48e-14 20.01 62.53 37.73 -0.6 391086 0.00e+00 1.19e-09 1.40e+08 1.22e-05 -4.37e-02 6.72e-03
59.139 7.2112 1.06e-13 9.10e-14 19.68 61.58 37.57 -0.6 386934 0.00e+00 1.24e-09 1.47e+08 1.23e-05 -4.29e-02 6.65e-03
60.415 7.3894 1.02e-13 8.73e-14 19.35 60.65 37.41 -0.6 382826 0.00e+00 1.30e-09 1.55e+08 1.23e-05 -4.22e-02 6.57e-03
61.719 7.5723 9.79e-14 8.38e-14 19.03 59.74 37.26 -0.6 378761 0.00e+00 1.35e-09 1.63e+08 1.23e-05 -4.15e-02 6.50e-03
63.050 7.7595 9.39e-14 8.04e-14 18.71 58.84 37.10 -0.6 374740 0.00e+00 1.41e-09 1.72e+08 1.23e-05 -4.08e-02 6.42e-03
64.411 7.9514 9.01e-14 7.71e-14 18.40 57.95 36.94 -0.6 370762 0.00e+00 1.47e-09 1.81e+08 1.24e-05 -4.01e-02 6.35e-03
65.801 8.1485 8.65e-14 7.40e-14 18.09 57.08 36.79 -0.6 366825 0.00e+00 1.54e-09 1.91e+08 1.24e-05 -3.94e-02 6.28e-03
67.220 8.3506 8.30e-14 7.10e-14 17.78 56.23 36.63 -0.6 362931 0.00e+00 1.61e-09 2.01e+08 1.24e-05 -3.86e-02 6.20e-03
68.671 8.5579 7.96e-14 6.81e-14 17.48 55.39 36.48 -0.6 359078 0.00e+00 1.68e-09 2.11e+08 1.24e-05 -3.80e-02 6.13e-03
70.152 8.7705 7.63e-14 6.53e-14 17.19 54.57 36.32 -0.6 355265 0.00e+00 1.75e-09 2.23e+08 1.25e-05 -3.73e-02 6.06e-03
71.666 8.9884 7.32e-14 6.27e-14 16.90 53.76 36.17 -0.6 351494 0.00e+00 1.83e-09 2.35e+08 1.25e-05 -3.67e-02 5.99e-03
73.212 9.2122 7.02e-14 6.01e-14 16.61 52.97 36.01 -0.6 347762 0.00e+00 1.91e-09 2.47e+08 1.25e-05 -3.61e-02 5.92e-03
74.792 9.4415 6.74e-14 5.76e-14 16.33 52.19 35.86 -0.5 344070 0.00e+00 1.99e-09 2.60e+08 1.26e-05 -3.54e-02 5.85e-03
76.406 9.6770 6.46e-14 5.53e-14 16.05 51.42 35.70 -0.5 340417 0.00e+00 2.08e-09 2.74e+08 1.26e-05 -3.48e-02 5.79e-03
78.054 9.9186 6.20e-14 5.30e-14 15.77 50.67 35.55 -0.5 336803 0.00e+00 2.17e-09 2.89e+08 1.26e-05 -3.42e-02 5.72e-03
79.738 10.1664 5.94e-14 5.08e-14 15.50 49.93 35.40 -0.5 333227 0.00e+00 2.27e-09 3.04e+08 1.27e-05 -3.36e-02 5.65e-03
81.459 10.4208 5.70e-14 4.87e-14 15.23 49.21 35.24 -0.5 329689 0.00e+00 2.37e-09 3.20e+08 1.27e-05 -3.30e-02 5.59e-03
83.217 10.6820 5.46e-14 4.67e-14 14.97 48.50 35.09 -0.5 326189 0.00e+00 2.47e-09 3.38e+08 1.27e-05 -3.24e-02 5.52e-03
85.012 10.9497 5.23e-14 4.48e-14 14.71 47.80 34.94 -0.5 322726 0.00e+00 2.58e-09 3.56e+08 1.28e-05 -3.18e-02 5.46e-03
86.846 11.2250 5.02e-14 4.29e-14 14.45 47.11 34.78 -0.5 319299 0.00e+00 2.70e-09 3.75e+08 1.28e-05 -3.12e-02 5.39e-03
88.720 11.5071 4.81e-14 4.11e-14 14.20 46.44 34.63 -0.5 315909 0.00e+00 2.82e-09 3.95e+08 1.28e-05 -3.07e-02 5.33e-03
90.635 11.7969 4.61e-14 3.94e-14 13.95 45.78 34.48 -0.5 312555 0.00e+00 2.94e-09 4.16e+08 1.29e-05 -3.01e-02 5.27e-03
92.590 12.0945 4.41e-14 3.78e-14 13.70 45.14 34.32 -0.5 309237 0.00e+00 3.08e-09 4.38e+08 1.29e-05 -2.96e-02 5.20e-03
94.588 12.3999 4.23e-14 3.62e-14 13.46 44.50 34.17 -0.5 305954 0.00e+00 3.21e-09 4.62e+08 1.30e-05 -2.91e-02 5.14e-03
96.629 12.7134 4.05e-14 3.47e-14 13.22 43.88 34.02 -0.5 302706 0.00e+00 3.36e-09 4.86e+08 1.30e-05 -2.85e-02 5.08e-03
98.714 13.0354 3.88e-14 3.32e-14 12.99 43.27 33.86 -0.5 299492 0.00e+00 3.51e-09 5.13e+08 1.30e-05 -2.80e-02 5.02e-03
100.844 13.3661 3.72e-14 3.18e-14 12.75 42.67 33.71 -0.5 296312 0.00e+00 3.67e-09 5.40e+08 1.31e-05 -2.75e-02 4.96e-03
103.020 13.7057 3.56e-14 3.05e-14 12.53 42.08 33.56 -0.5 293166 0.00e+00 3.83e-09 5.69e+08 1.31e-05 -2.70e-02 4.90e-03
105.242 14.0546 3.41e-14 2.92e-14 12.30 41.51 33.41 -0.5 290054 0.00e+00 4.01e-09 6.00e+08 1.32e-05 -2.65e-02 4.84e-03
107.513 14.4131 3.26e-14 2.79e-14 12.07 40.94 33.25 -0.5 286975 0.00e+00 4.19e-09 6.32e+08 1.32e-05 -2.60e-02 4.78e-03
109.833 14.7810 3.12e-14 2.67e-14 11.85 40.39 33.10 -0.5 283928 0.00e+00 4.38e-09 6.66e+08 1.33e-05 -2.56e-02 4.73e-03
112.203 15.1592 2.99e-14 2.56e-14 11.64 39.85 32.95 -0.5 280913 0.00e+00 4.58e-09 7.02e+08 1.33e-05 -2.51e-02 4.67e-03
114.624 15.5479 2.86e-14 2.45e-14 11.42 39.32 32.79 -0.5 277931 0.00e+00 4.79e-09 7.40e+08 1.33e-05 -2.46e-02 4.61e-03
117.097 15.9470 2.74e-14 2.34e-14 11.21 38.79 32.64 -0.5 274980 0.00e+00 5.01e-09 7.80e+08 1.34e-05 -2.42e-02 4.56e-03
119.623 16.3573 2.62e-14 2.24e-14 11.00 38.28 32.49 -0.5 272061 0.00e+00 5.25e-09 8.23e+08 1.34e-05 -2.37e-02 4.50e-03
122.204 16.7788 2.51e-14 2.15e-14 10.80 37.78 32.34 -0.5 269172 0.00e+00 5.49e-09 8.67e+08 1.35e-05 -2.33e-02 4.45e-03
124.841 17.2123 2.40e-14 2.05e-14 10.59 37.29 32.18 -0.5 266315 0.00e+00 5.74e-09 9.14e+08 1.35e-05 -2.29e-02 4.39e-03
127.535 17.6577 2.29e-14 1.96e-14 10.39 36.81 32.03 -0.5 263487 0.00e+00 6.01e-09 9.64e+08 1.36e-05 -2.24e-02 4.34e-03
130.287 18.1153 2.19e-14 1.88e-14 10.20 36.34 31.88 -0.5 260690 0.00e+00 6.29e-09 1.02e+09 1.36e-05 -2.20e-02 4.29e-03
133.098 18.5855 2.10e-14 1.79e-14 10.00 35.88 31.72 -0.5 257922 0.00e+00 6.58e-09 1.07e+09 1.37e-05 -2.16e-02 4.23e-03
135.970 19.0695 2.00e-14 1.71e-14 9.81 35.43 31.57 -0.5 255184 0.00e+00 6.89e-09 1.13e+09 1.37e-05 -2.12e-02 4.18e-03
138.903 19.5671 1.92e-14 1.64e-14 9.62 34.99 31.42 -0.5 252475 0.00e+00 7.22e-09 1.19e+09 1.38e-05 -2.08e-02 4.13e-03
141.900 20.0778 1.83e-14 1.57e-14 9.44 34.56 31.26 -0.5 249794 0.00e+00 7.56e-09 1.26e+09 1.38e-05 -2.04e-02 4.08e-03
144.962 20.6038 1.75e-14 1.50e-14 9.25 34.13 31.11 -0.5 247142 0.00e+00 7.92e-09 1.33e+09 1.39e-05 -2.00e-02 4.03e-03
148.090 21.1447 1.67e-14 1.43e-14 9.07 33.72 30.96 -0.5 244518 0.00e+00 8.29e-09 1.40e+09 1.39e-05 -1.97e-02 3.98e-03
151.285 21.7001 1.60e-14 1.37e-14 8.89 33.31 30.80 -0.5 241922 0.00e+00 8.69e-09 1.48e+09 1.39e-05 -1.93e-02 3.93e-03
154.549 22.2725 1.52e-14 1.30e-14 8.71 32.91 30.65 -0.5 239354 0.00e+00 9.11e-09 1.56e+09 1.40e-05 -1.89e-02 3.88e-03
157.884 22.8604 1.46e-14 1.25e-14 8.54 32.52 30.50 -0.5 236813 0.00e+00 9.54e-09 1.64e+09 1.40e-05 -1.86e-02 3.83e-03
161.291 23.4655 1.39e-14 1.19e-14 8.37 32.14 30.34 -0.5 234298 0.00e+00 1.00e-08 1.73e+09 1.41e-05 -1.82e-02 3.78e-03
164.771 24.0871 1.33e-14 1.14e-14 8.20 31.77 30.19 -0.5 231811 0.00e+00 1.05e-08 1.83e+09 1.41e-05 -1.79e-02 3.73e-03
168.326 24.7269 1.27e-14 1.08e-14 8.04 31.40 30.04 -0.5 229350 0.00e+00 1.10e-08 1.93e+09 1.42e-05 -1.75e-02 3.69e-03
171.958 25.3857 1.21e-14 1.03e-14 7.87 31.04 29.88 -0.5 226915 0.00e+00 1.15e-08 2.04e+09 1.42e-05 -1.72e-02 3.64e-03
175.668 26.0628 1.15e-14 9.86e-15 7.71 30.69 29.73 -0.5 224506 0.00e+00 1.21e-08 2.15e+09 1.43e-05 -1.69e-02 3.59e-03
179.459 26.7602 1.10e-14 9.41e-15 7.55 30.35 29.57 -0.5 222122 0.00e+00 1.27e-08 2.27e+09 1.43e-05 -1.66e-02 3.55e-03
183.331 27.4772 1.05e-14 8.97e-15 7.40 30.01 29.42 -0.5 219764 0.00e+00 1.33e-08 2.40e+09 1.44e-05 -1.62e-02 3.50e-03
187.286 28.2141 1.00e-14 8.56e-15 7.24 29.68 29.27 -0.5 217431 0.00e+00 1.40e-08 2.53e+09 1.44e-05 -1.59e-02 3.45e-03
191.327 28.9731 9.54e-15 8.16e-15 7.09 29.36 29.11 -0.5 215122 0.00e+00 1.46e-08 2.67e+09 1.45e-05 -1.56e-02 3.41e-03
195.456 29.7544 9.09e-15 7.78e-15 6.94 29.04 28.96 -0.5 212838 0.00e+00 1.54e-08 2.82e+09 1.45e-05 -1.53e-02 3.37e-03
199.673 30.5582 8.67e-15 7.42e-15 6.80 28.73 28.80 -0.5 210579 0.00e+00 1.61e-08 2.98e+09 1.46e-05 -1.50e-02 3.32e-03
203.981 31.3852 8.26e-15 7.07e-15 6.65 28.43 28.65 -0.5 208343 0.00e+00 1.69e-08 3.15e+09 1.46e-05 -1.47e-02 3.28e-03
208.382 32.2361 7.87e-15 6.74e-15 6.51 28.13 28.50 -0.5 206131 0.00e+00 1.78e-08 3.32e+09 1.47e-05 -1.45e-02 3.24e-03
212.879 33.1117 7.50e-15 6.42e-15 6.37 27.84 28.34 -0.5 203943 0.00e+00 1.87e-08 3.51e+09 1.47e-05 -1.42e-02 3.19e-03
217.472 34.0130 7.14e-15 6.11e-15 6.24 27.55 28.19 -0.5 201777 0.00e+00 1.96e-08 3.71e+09 1.48e-05 -1.39e-02 3.15e-03
222.164 34.9407 6.80e-15 5.82e-15 6.10 27.27 28.04 -0.5 199635 0.00e+00 2.06e-08 3.91e+09 1.48e-05 -1.36e-02 3.11e-03
226.958 35.8949 6.48e-15 5.54e-15 5.97 26.99 27.88 -0.5 197516 0.00e+00 2.16e-08 4.13e+09 1.49e-05 -1.34e-02 3.07e-03
231.855 36.8783 6.17e-15 5.28e-15 5.84 26.73 27.73 -0.5 195419 0.00e+00 2.27e-08 4.37e+09 1.49e-05 -1.31e-02 3.03e-03
236.857 37.8888 5.87e-15 5.03e-15 5.71 26.46 27.58 -0.5 193344 0.00e+00 2.39e-08 4.61e+09 1.50e-05 -1.29e-02 2.99e-03
241.968 38.9295 5.59e-15 4.78e-15 5.59 26.20 27.43 -0.5 191291 0.00e+00 2.51e-08 4.88e+09 1.50e-05 -1.26e-02 2.95e-03
247.189 40.0015 5.32e-15 4.55e-15 5.47 25.95 27.27 -0.5 189260 0.00e+00 2.64e-08 5.15e+09 1.51e-05 -1.24e-02 2.91e-03
252.522 41.1045 5.06e-15 4.33e-15 5.34 25.70 27.12 -0.5 187251 0.00e+00 2.77e-08 5.44e+09 1.51e-05 -1.21e-02 2.87e-03
257.971 42.2385 4.82e-15 4.12e-15 5.23 25.45 26.97 -0.5 185263 0.00e+00 2.91e-08 5.75e+09 1.51e-05 -1.19e-02 2.83e-03
263.537 43.4069 4.59e-15 3.92e-15 5.11 25.21 26.82 -0.5 183296 0.00e+00 3.06e-08 6.08e+09 1.52e-05 -1.17e-02 2.79e-03
269.223 44.6096 4.36e-15 3.73e-15 4.99 24.98 26.67 -0.5 181350 0.00e+00 3.22e-08 6.42e+09 1.52e-05 -1.14e-02 2.76e-03
275.032 45.8477 4.15e-15 3.55e-15 4.88 24.75 26.52 -0.5 179425 0.00e+00 3.38e-08 6.79e+09 1.53e-05 -1.12e-02 2.72e-03
280.966 47.1224 3.95e-15 3.38e-15 4.77 24.52 26.37 -0.5 177520 0.00e+00 3.56e-08 7.17e+09 1.53e-05 -1.10e-02 2.68e-03
287.029 48.4334 3.75e-15 3.21e-15 4.66 24.30 26.22 -0.5 175635 0.00e+00 3.74e-08 7.58e+09 1.54e-05 -1.08e-02 2.64e-03
293.222 49.7834 3.57e-15 3.05e-15 4.56 24.08 26.07 -0.5 173770 0.00e+00 3.93e-08 8.01e+09 1.54e-05 -1.06e-02 2.61e-03