#1:r  2:H   3:Rho0    4:RhoMean 5:S   6:Tc  7:Te  8:Vr  9:Vphi   10:tauR	11:x	12:s_e	13:B_r	14:B_phi	15:B_z
0.052	0.0018	1.82e-06	1.55e-06	83178.96	5623.56	785.41	-1.6	13076793	0.00e+00	5.62e-05	3.34e+11 9.22e+03	1.18e+04	1.54e+02
0.053	0.0018	1.69e-06	1.45e-06	80358.70	5623.56	771.93	-1.6	12927297	0.00e+00	5.80e-05	3.45e+11 9.08e+03	1.15e+04	1.49e+02
0.054	0.0019	1.58e-06	1.35e-06	77634.07	5623.56	758.69	-1.6	12779510	0.00e+00	6.00e-05	3.56e+11 8.94e+03	1.12e+04	1.44e+02
0.055	0.0020	1.48e-06	1.26e-06	75001.83	5623.56	745.67	-1.6	12633413	0.00e+00	6.20e-05	3.68e+11 8.80e+03	1.09e+04	1.39e+02
0.057	0.0020	1.38e-06	1.18e-06	72458.83	5623.56	732.88	-1.6	12488986	0.00e+00	6.41e-05	3.81e+11 8.64e+03	1.06e+04	1.34e+02
0.058	0.0021	1.29e-06	1.10e-06	70002.05	5623.56	720.31	-1.6	12346210	0.00e+00	6.62e-05	3.94e+11 8.48e+03	1.03e+04	1.30e+02
0.059	0.0022	1.20e-06	1.03e-06	67628.57	5623.56	707.96	-1.7	12205067	0.00e+00	6.84e-05	4.07e+11 8.32e+03	1.01e+04	1.25e+02
0.061	0.0023	1.12e-06	9.58e-07	65335.57	5623.56	695.81	-1.7	12065537	0.00e+00	7.07e-05	4.20e+11 8.15e+03	9.79e+03	1.21e+02
0.062	0.0024	1.05e-06	8.94e-07	63120.31	5623.56	683.88	-1.7	11927602	0.00e+00	7.31e-05	4.35e+11 7.98e+03	9.53e+03	1.17e+02
0.064	0.0024	9.76e-07	8.35e-07	60980.16	5623.56	672.16	-1.7	11791244	0.00e+00	7.56e-05	4.49e+11 7.81e+03	9.26e+03	1.13e+02
0.065	0.0025	9.11e-07	7.79e-07	58912.58	5623.56	660.63	-1.7	11656444	0.00e+00	7.81e-05	4.64e+11 7.64e+03	9.00e+03	1.09e+02
0.067	0.0026	8.50e-07	7.27e-07	56915.10	5623.56	649.31	-1.8	11523186	0.00e+00	8.08e-05	4.80e+11 7.46e+03	8.75e+03	1.06e+02
0.068	0.0027	7.93e-07	6.79e-07	54985.34	5623.56	638.18	-1.8	11391452	0.00e+00	8.35e-05	4.96e+11 7.29e+03	8.50e+03	1.02e+02
0.070	0.0028	7.40e-07	6.33e-07	53121.02	5623.56	627.24	-1.8	11261223	0.00e+00	8.64e-05	5.13e+11 7.12e+03	8.25e+03	9.85e+01
0.071	0.0029	6.91e-07	5.91e-07	51319.91	5623.56	616.49	-1.8	11132483	0.00e+00	8.93e-05	5.31e+11 6.95e+03	8.01e+03	9.52e+01
0.073	0.0030	6.63e-07	5.67e-07	50515.32	5519.42	605.98	-1.8	11005215	0.00e+00	6.96e-05	4.19e+11 6.05e+03	7.37e+03	9.37e+01
0.075	0.0030	6.48e-07	5.54e-07	50308.07	5354.25	595.70	-1.8	10879402	0.00e+00	4.53e-05	2.79e+11 4.87e+03	6.52e+03	9.33e+01
0.077	0.0031	6.28e-07	5.37e-07	49834.33	5221.50	585.58	-1.8	10755027	0.00e+00	3.20e-05	2.00e+11 4.02e+03	5.85e+03	9.24e+01
0.078	0.0032	6.09e-07	5.21e-07	49381.99	5091.42	575.65	-1.7	10632074	0.00e+00	2.27e-05	1.44e+11 3.31e+03	5.23e+03	9.16e+01
0.080	0.0032	5.96e-07	5.10e-07	49265.41	4930.44	565.92	-1.7	10510526	0.00e+00	1.48e-05	9.60e+10 2.58e+03	4.56e+03	9.14e+01
0.082	0.0035	7.51e-07	6.43e-07	68420.30	5586.56	555.18	-1.2	10390369	0.00e+00	7.80e-05	4.66e+11 9.19e+03	9.40e+03	1.27e+02
0.084	0.0036	7.22e-07	6.18e-07	66693.92	5368.74	545.76	-1.2	10271584	0.00e+00	4.48e-05	2.75e+11 7.10e+03	8.10e+03	1.24e+02
0.086	0.0037	6.91e-07	5.92e-07	65134.36	5210.06	536.49	-1.2	10154158	0.00e+00	2.97e-05	1.86e+11 5.75e+03	7.15e+03	1.21e+02
0.088	0.0037	6.62e-07	5.67e-07	63611.52	5053.27	527.40	-1.2	10038074	0.00e+00	1.97e-05	1.26e+11 4.56e+03	6.26e+03	1.18e+02
0.090	0.0032	7.06e-07	6.04e-07	58432.37	3498.15	519.85	-1.3	9923318	0.00e+00	5.40e-06	4.43e+10 1.42e+03	3.24e+03	1.08e+02
0.092	0.0033	6.73e-07	5.76e-07	57205.98	3451.99	510.96	-1.3	9809873	0.00e+00	5.40e-06	4.47e+10 1.40e+03	3.17e+03	1.06e+02
0.094	0.0034	6.41e-07	5.48e-07	56015.35	3405.84	502.21	-1.3	9697725	0.00e+00	5.40e-06	4.51e+10 1.38e+03	3.10e+03	1.04e+02
0.096	0.0035	6.10e-07	5.22e-07	54859.58	3359.68	493.62	-1.3	9586859	0.00e+00	5.40e-06	4.55e+10 1.35e+03	3.03e+03	1.02e+02
0.099	0.0036	5.82e-07	4.98e-07	53734.70	3313.52	485.18	-1.3	9477261	0.00e+00	5.40e-06	4.60e+10 1.33e+03	2.96e+03	9.97e+01
0.101	0.0037	5.61e-07	4.80e-07	53045.52	3242.95	476.89	-1.3	9368916	0.00e+00	5.40e-06	4.66e+10 1.32e+03	2.90e+03	9.84e+01
0.103	0.0038	5.40e-07	4.62e-07	52358.64	3174.10	468.74	-1.2	9261809	0.00e+00	5.40e-06	4.73e+10 1.30e+03	2.84e+03	9.71e+01
0.106	0.0052	7.83e-07	6.70e-07	104577.46	5623.56	547.85	-0.6	9155926	0.00e+00	8.40e-05	4.99e+11 1.03e+04	1.01e+04	1.94e+02
0.108	0.0054	7.32e-07	6.26e-07	101151.05	5623.56	537.69	-0.6	9051255	0.00e+00	8.68e-05	5.16e+11 1.00e+04	9.77e+03	1.88e+02
0.111	0.0056	6.84e-07	5.85e-07	97837.04	5623.56	527.68	-0.6	8947779	0.00e+00	8.97e-05	5.33e+11 9.77e+03	9.49e+03	1.81e+02
0.113	0.0057	6.46e-07	5.53e-07	94614.05	5507.21	519.56	-0.6	8845487	0.00e+00	6.83e-05	4.12e+11 8.50e+03	8.68e+03	1.76e+02
0.116	0.0058	6.15e-07	5.26e-07	91485.91	5302.75	512.97	-0.6	8744364	0.00e+00	4.04e-05	2.50e+11 6.68e+03	7.53e+03	1.70e+02
0.118	0.0059	5.84e-07	4.99e-07	88466.78	5135.29	505.98	-0.6	8644397	0.00e+00	2.61e-05	1.65e+11 5.38e+03	6.62e+03	1.64e+02
0.121	0.0060	5.56e-07	4.76e-07	85536.67	4930.06	499.75	-0.6	8545573	0.00e+00	1.52e-05	9.85e+10 4.08e+03	5.64e+03	1.59e+02
0.124	0.0052	6.18e-07	5.29e-07	82760.59	3494.33	487.97	-0.7	8447879	0.00e+00	5.40e-06	4.43e+10 2.15e+03	3.86e+03	1.54e+02
0.127	0.0054	5.80e-07	4.97e-07	79994.57	3451.61	483.92	-0.7	8351302	0.00e+00	5.40e-06	4.47e+10 2.11e+03	3.76e+03	1.48e+02
0.130	0.0056	5.39e-07	4.61e-07	77089.22	3470.11	502.03	-0.7	8255829	0.00e+00	5.40e-06	4.45e+10 2.07e+03	3.66e+03	1.43e+02
0.133	0.0057	5.08e-07	4.34e-07	74554.60	3414.80	493.67	-0.7	8161447	0.00e+00	5.40e-06	4.50e+10 2.03e+03	3.56e+03	1.38e+02
0.136	0.0059	4.78e-07	4.09e-07	72098.89	3359.11	485.37	-0.7	8068144	0.00e+00	5.40e-06	4.55e+10 2.00e+03	3.46e+03	1.34e+02
0.139	0.0041	3.06e-07	2.62e-07	32166.25	1522.13	380.06	-1.5	7975908	0.00e+00	8.62e-11	1.25e+06 9.89e-03	1.14e+02	5.97e+01
0.142	0.0042	2.93e-07	2.51e-07	31846.96	1520.70	373.52	-1.5	7884726	0.00e+00	8.63e-11	1.25e+06 9.77e-03	1.14e+02	5.91e+01
0.146	0.0044	2.61e-07	2.24e-07	29371.72	1517.93	367.58	-1.6	7794587	0.00e+00	8.78e-11	1.27e+06 8.76e-03	1.07e+02	5.45e+01
0.149	0.0045	2.49e-07	2.13e-07	28950.51	1516.31	361.28	-1.6	7705478	0.00e+00	8.78e-11	1.27e+06 8.59e-03	1.06e+02	5.37e+01
0.153	0.0047	2.39e-07	2.04e-07	28709.36	1514.78	355.02	-1.5	7617388	0.00e+00	8.77e-11	1.27e+06 8.51e-03	1.06e+02	5.33e+01
0.156	0.0048	2.28e-07	1.95e-07	28440.01	1513.26	348.86	-1.5	7530305	0.00e+00	8.77e-11	1.27e+06 8.42e-03	1.05e+02	5.28e+01
0.160	0.0051	4.28e-07	3.66e-07	55780.55	1547.02	474.72	-0.8	7444217	0.00e+00	1.04e-10	1.48e+06 9.43e-02	1.82e+02	1.03e+02
0.163	0.0053	4.00e-07	3.43e-07	53959.12	1545.02	464.77	-0.8	7359114	0.00e+00	1.04e-10	1.49e+06 9.59e-02	1.77e+02	1.00e+02
0.167	0.0054	3.74e-07	3.20e-07	52200.47	1542.92	455.13	-0.8	7274983	0.00e+00	1.05e-10	1.50e+06 9.73e-02	1.73e+02	9.68e+01
0.171	0.0056	3.50e-07	3.00e-07	50496.12	1540.91	445.58	-0.8	7191815	0.00e+00	1.05e-10	1.51e+06 9.88e-02	1.69e+02	9.37e+01
0.175	0.0058	3.27e-07	2.80e-07	48850.52	1538.82	436.32	-0.8	7109597	0.00e+00	1.06e-10	1.52e+06 1.00e-01	1.64e+02	9.06e+01
0.179	0.0060	3.06e-07	2.62e-07	47258.63	1536.72	427.26	-0.8	7028319	0.00e+00	1.06e-10	1.52e+06 1.02e-01	1.60e+02	8.77e+01
0.183	0.0062	2.86e-07	2.45e-07	45718.71	1534.62	418.39	-0.8	6947970	0.00e+00	1.07e-10	1.53e+06 1.03e-01	1.56e+02	8.48e+01
0.188	0.0064	2.68e-07	2.29e-07	44229.04	1532.52	409.71	-0.8	6868540	0.00e+00	1.07e-10	1.54e+06 1.05e-01	1.52e+02	8.20e+01
0.192	0.0067	2.51e-07	2.14e-07	42793.33	1530.33	401.30	-0.8	6790018	0.00e+00	1.07e-10	1.54e+06 1.06e-01	1.48e+02	7.94e+01
0.197	0.0069	2.34e-07	2.01e-07	41399.15	1528.23	393.06	-0.8	6712393	0.00e+00	1.07e-10	1.55e+06 1.07e-01	1.44e+02	7.68e+01
0.201	0.0071	2.19e-07	1.88e-07	40050.46	1526.04	384.91	-0.8	6635656	0.00e+00	1.08e-10	1.55e+06 1.08e-01	1.41e+02	7.43e+01
0.206	0.0074	2.05e-07	1.75e-07	38748.21	1523.84	377.03	-0.8	6559797	0.00e+00	1.08e-10	1.56e+06 1.10e-01	1.37e+02	7.19e+01
0.211	0.0076	1.92e-07	1.64e-07	37490.73	1521.65	369.41	-0.8	6484804	0.00e+00	1.08e-10	1.56e+06 1.11e-01	1.34e+02	6.95e+01
0.215	0.0079	1.79e-07	1.54e-07	36271.86	1519.36	361.84	-0.9	6410669	0.00e+00	1.08e-10	1.56e+06 1.12e-01	1.30e+02	6.73e+01
0.220	0.0081	1.68e-07	1.44e-07	35094.90	1517.17	354.55	-0.9	6337381	0.00e+00	1.08e-10	1.57e+06 1.13e-01	1.27e+02	6.51e+01
0.226	0.0084	1.57e-07	1.34e-07	33954.07	1514.88	347.31	-0.9	6264931	0.00e+00	1.08e-10	1.57e+06 1.14e-01	1.23e+02	6.30e+01
0.231	0.0087	1.47e-07	1.26e-07	32852.46	1512.59	340.31	-0.9	6193310	0.00e+00	1.08e-10	1.57e+06 1.15e-01	1.20e+02	6.09e+01
0.236	0.0090	1.37e-07	1.18e-07	31786.67	1510.30	333.49	-0.9	6122507	0.00e+00	1.08e-10	1.57e+06 1.16e-01	1.17e+02	5.90e+01
0.242	0.0093	1.29e-07	1.10e-07	30757.47	1507.92	326.85	-0.9	6052514	0.00e+00	1.08e-10	1.57e+06 1.17e-01	1.14e+02	5.71e+01
0.247	0.0096	1.20e-07	1.03e-07	29759.78	1505.63	320.28	-0.9	5983320	0.00e+00	1.08e-10	1.57e+06 1.18e-01	1.11e+02	5.52e+01
0.253	0.0100	1.12e-07	9.62e-08	28796.35	1503.25	313.94	-0.9	5914918	0.00e+00	1.08e-10	1.57e+06 1.18e-01	1.08e+02	5.34e+01
0.259	0.0103	1.05e-07	9.00e-08	27864.18	1500.86	307.73	-0.9	5847298	0.00e+00	1.08e-10	1.57e+06 1.19e-01	1.05e+02	5.17e+01
0.265	0.0107	9.84e-08	8.42e-08	26962.25	1498.48	301.66	-0.9	5780451	0.00e+00	1.07e-10	1.57e+06 1.19e-01	1.02e+02	5.00e+01
0.271	0.0110	9.21e-08	7.88e-08	26089.58	1496.09	295.72	-0.9	5714368	0.00e+00	1.07e-10	1.57e+06 1.20e-01	9.96e+01	4.84e+01
0.277	0.0114	8.62e-08	7.37e-08	25246.84	1493.61	289.96	-1.0	5649041	0.00e+00	1.07e-10	1.56e+06 1.20e-01	9.69e+01	4.68e+01
0.284	0.0118	8.06e-08	6.90e-08	24429.82	1491.23	284.28	-1.0	5584460	0.00e+00	1.07e-10	1.56e+06 1.21e-01	9.43e+01	4.53e+01
0.291	0.0122	7.54e-08	6.45e-08	23640.81	1488.75	278.76	-1.0	5520618	0.00e+00	1.06e-10	1.56e+06 1.21e-01	9.18e+01	4.39e+01
0.297	0.0126	7.06e-08	6.04e-08	22877.35	1486.27	273.36	-1.0	5457505	0.00e+00	1.06e-10	1.55e+06 1.21e-01	8.93e+01	4.24e+01
0.304	0.0131	6.60e-08	5.65e-08	22137.19	1483.89	268.05	-1.0	5395114	0.00e+00	1.05e-10	1.55e+06 1.21e-01	8.69e+01	4.11e+01
0.311	0.0135	6.18e-08	5.29e-08	21422.40	1481.41	262.87	-1.0	5333436	0.00e+00	1.05e-10	1.54e+06 1.21e-01	8.46e+01	3.97e+01
0.319	0.0140	5.78e-08	4.95e-08	20730.76	1478.93	257.82	-1.0	5272464	0.00e+00	1.04e-10	1.54e+06 1.21e-01	8.23e+01	3.85e+01
0.326	0.0144	5.41e-08	4.63e-08	20061.50	1476.45	252.87	-1.0	5212188	0.00e+00	1.04e-10	1.53e+06 1.20e-01	8.01e+01	3.72e+01
0.333	0.0149	5.06e-08	4.33e-08	19412.64	1474.06	247.98	-1.0	5152602	0.00e+00	1.04e-10	1.53e+06 1.20e-01	7.79e+01	3.60e+01
0.341	0.0155	4.74e-08	4.05e-08	18786.04	1471.58	243.24	-1.0	5093696	0.00e+00	1.03e-10	1.52e+06 1.20e-01	7.58e+01	3.48e+01
0.349	0.0160	4.43e-08	3.79e-08	18179.71	1469.10	238.61	-1.1	5035465	0.00e+00	1.03e-10	1.52e+06 1.19e-01	7.38e+01	3.37e+01
0.357	0.0165	4.15e-08	3.55e-08	17591.86	1466.72	234.03	-1.1	4977898	0.00e+00	1.02e-10	1.51e+06 1.18e-01	7.18e+01	3.26e+01
0.366	0.0171	3.88e-08	3.32e-08	17023.07	1464.24	229.56	-1.1	4920990	0.00e+00	1.02e-10	1.51e+06 1.18e-01	6.98e+01	3.16e+01
0.374	0.0177	3.63e-08	3.11e-08	16473.78	1461.86	225.21	-1.1	4864733	0.00e+00	1.01e-10	1.50e+06 1.17e-01	6.80e+01	3.06e+01
0.383	0.0183	3.40e-08	2.91e-08	15941.22	1459.38	220.93	-1.1	4809119	0.00e+00	1.01e-10	1.50e+06 1.16e-01	6.61e+01	2.96e+01
0.392	0.0189	3.18e-08	2.72e-08	15426.93	1456.99	216.76	-1.1	4754140	0.00e+00	1.00e-10	1.49e+06 1.15e-01	6.43e+01	2.86e+01
0.401	0.0196	2.97e-08	2.54e-08	14928.30	1454.61	212.66	-1.1	4699790	0.00e+00	9.99e-11	1.49e+06 1.14e-01	6.26e+01	2.77e+01
0.410	0.0202	2.78e-08	2.38e-08	14445.82	1452.22	208.64	-1.1	4646061	0.00e+00	9.94e-11	1.48e+06 1.13e-01	6.08e+01	2.68e+01
0.420	0.0209	2.60e-08	2.23e-08	13978.97	1449.84	204.72	-1.1	4592947	0.00e+00	9.90e-11	1.48e+06 1.11e-01	5.92e+01	2.59e+01
0.429	0.0216	2.44e-08	2.08e-08	13527.24	1447.46	200.89	-1.2	4540440	0.00e+00	9.85e-11	1.47e+06 1.10e-01	5.76e+01	2.51e+01
0.439	0.0224	2.28e-08	1.95e-08	13091.88	1444.88	197.22	-1.2	4488533	0.00e+00	9.78e-11	1.46e+06 1.08e-01	5.60e+01	2.43e+01
0.450	0.0231	2.14e-08	1.83e-08	12690.71	1440.02	194.67	-1.2	4437219	0.00e+00	9.34e-11	1.40e+06 1.02e-01	5.44e+01	2.35e+01
0.460	0.0239	2.01e-08	1.72e-08	12301.97	1435.25	192.17	-1.2	4386492	0.00e+00	8.93e-11	1.34e+06 9.66e-02	5.29e+01	2.28e+01
0.471	0.0247	1.88e-08	1.61e-08	11923.68	1430.48	189.66	-1.2	4336345	0.00e+00	8.53e-11	1.29e+06 9.13e-02	5.14e+01	2.21e+01
0.482	0.0255	1.76e-08	1.51e-08	11556.38	1425.90	187.17	-1.2	4286772	0.00e+00	8.17e-11	1.23e+06 8.63e-02	5.00e+01	2.14e+01
0.493	0.0264	1.65e-08	1.42e-08	11200.51	1421.33	184.72	-1.2	4237765	0.00e+00	7.83e-11	1.18e+06 8.16e-02	4.86e+01	2.08e+01
0.505	0.0273	1.55e-08	1.33e-08	10854.98	1416.84	182.31	-1.2	4189318	0.00e+00	7.50e-11	1.14e+06 7.70e-02	4.72e+01	2.01e+01
0.516	0.0282	1.46e-08	1.24e-08	10520.21	1412.46	179.96	-1.2	4141425	0.00e+00	7.20e-11	1.10e+06 7.27e-02	4.59e+01	1.95e+01
0.528	0.0291	1.36e-08	1.17e-08	10194.49	1408.07	177.59	-1.2	4094080	0.00e+00	6.91e-11	1.05e+06 6.86e-02	4.46e+01	1.89e+01
0.541	0.0301	1.28e-08	1.09e-08	9878.95	1403.68	175.27	-1.3	4047276	0.00e+00	6.63e-11	1.01e+06 6.45e-02	4.33e+01	1.83e+01
0.553	0.0311	1.20e-08	1.03e-08	9573.26	1399.49	173.01	-1.3	4001007	0.00e+00	6.38e-11	9.75e+05 6.08e-02	4.21e+01	1.78e+01
0.566	0.0321	1.12e-08	9.62e-09	9276.48	1395.29	170.77	-1.3	3955266	0.00e+00	6.13e-11	9.40e+05 5.72e-02	4.09e+01	1.72e+01
0.579	0.0332	1.06e-08	9.05e-09	9009.99	1387.85	170.11	-1.3	3910049	0.00e+00	5.56e-11	8.56e+05 5.09e-02	3.97e+01	1.67e+01
0.593	0.0342	9.96e-09	8.53e-09	8756.85	1379.56	169.98	-1.3	3865349	0.00e+00	4.96e-11	7.66e+05 4.46e-02	3.85e+01	1.62e+01
0.606	0.0353	9.37e-09	8.02e-09	8503.44	1372.59	169.36	-1.3	3821160	0.00e+00	4.52e-11	7.01e+05 3.98e-02	3.73e+01	1.58e+01
0.621	0.0365	8.80e-09	7.53e-09	8251.24	1366.49	168.28	-1.3	3777476	0.00e+00	4.19e-11	6.51e+05 3.60e-02	3.62e+01	1.53e+01
0.635	0.0377	8.27e-09	7.08e-09	8008.36	1360.20	165.58	-1.3	3734291	0.00e+00	3.86e-11	6.02e+05 3.18e-02	3.43e+01	1.41e+01
0.650	0.0389	7.78e-09	6.66e-09	7776.09	1353.33	162.72	-1.3	3691600	0.00e+00	3.52e-11	5.50e+05 2.76e-02	3.22e+01	1.29e+01
0.665	0.0402	7.32e-09	6.26e-09	7552.35	1346.27	159.95	-1.3	3649397	0.00e+00	3.19e-11	5.00e+05 2.38e-02	3.02e+01	1.17e+01
0.680	0.0414	6.95e-09	5.94e-09	7376.23	1331.59	158.47	-1.3	3607677	0.00e+00	2.49e-11	3.94e+05 1.74e-02	2.72e+01	9.93e+00
0.696	0.0426	6.58e-09	5.63e-09	7196.22	1318.62	156.72	-1.3	3566433	0.00e+00	2.00e-11	3.19e+05 1.31e-02	2.46e+01	8.54e+00
0.712	0.0402	8.09e-09	6.92e-09	8355.37	1097.18	111.81	-1.1	3525661	0.00e+00	1.13e-13	2.03e+03 1.10e-05	1.65e-01	7.31e-01
0.729	0.0410	7.90e-09	6.76e-09	8316.39	1065.04	109.58	-1.1	3485356	0.00e+00	4.59e-14	8.46e+02 2.86e-06	4.29e-02	4.57e-01
0.746	0.0419	7.67e-09	6.56e-09	8249.39	1037.29	107.74	-1.1	3445510	0.00e+00	2.03e-14	3.82e+02 8.43e-07	1.26e-02	2.96e-01
0.763	0.0428	7.44e-09	6.36e-09	8177.39	1010.87	105.99	-1.1	3406121	0.00e+00	9.02e-15	1.72e+02 2.49e-07	3.74e-03	1.92e-01
0.781	0.0438	7.21e-09	6.17e-09	8104.27	985.41	104.29	-1.1	3367182	0.00e+00	3.98e-15	7.73e+01 7.30e-08	1.10e-03	1.24e-01
0.799	0.0447	6.99e-09	5.98e-09	8031.39	960.62	102.62	-1.0	3328688	0.00e+00	1.74e-15	3.45e+01 2.13e-08	3.20e-04	8.02e-02
0.818	0.0457	6.78e-09	5.80e-09	7956.56	936.75	100.98	-1.0	3290634	0.00e+00	7.84e-16	1.58e+01 6.52e-09	9.78e-05	5.23e-02
0.837	0.0467	6.57e-09	5.62e-09	7881.77	913.58	99.37	-1.0	3253015	0.00e+00	3.78e-16	7.72e+00 2.27e-09	3.40e-05	3.54e-02
0.856	0.0478	6.37e-09	5.45e-09	7807.27	891.02	97.80	-1.0	3215826	0.00e+00	2.18e-16	4.54e+00 1.07e-09	1.61e-05	2.62e-02
0.876	0.0489	6.16e-09	5.27e-09	7730.56	869.33	96.26	-1.0	3179062	0.00e+00	1.71e-16	3.61e+00 8.00e-10	1.20e-05	2.25e-02
0.896	0.0500	5.97e-09	5.11e-09	7654.24	848.25	94.75	-1.0	3142718	0.00e+00	1.64e-16	3.53e+00 7.73e-10	1.16e-05	2.15e-02
0.917	0.0511	5.78e-09	4.95e-09	7577.45	827.80	93.27	-1.0	3106790	0.00e+00	1.68e-16	3.67e+00 8.00e-10	1.20e-05	2.12e-02
0.939	0.0522	5.59e-09	4.79e-09	7498.93	808.10	91.82	-1.0	3071273	0.00e+00	1.73e-16	3.84e+00 8.38e-10	1.26e-05	2.09e-02
0.961	0.0534	5.41e-09	4.63e-09	7420.69	788.93	90.40	-0.9	3036162	0.00e+00	1.79e-16	4.04e+00 8.79e-10	1.32e-05	2.07e-02
0.983	0.0546	5.23e-09	4.48e-09	7341.88	770.39	89.01	-0.9	3001452	0.00e+00	1.85e-16	4.24e+00 9.22e-10	1.38e-05	2.04e-02
1.006	0.0559	5.06e-09	4.33e-09	7261.49	752.50	87.65	-0.9	2967139	0.00e+00	1.91e-16	4.46e+00 9.69e-10	1.45e-05	2.02e-02
1.029	0.0572	4.89e-09	4.19e-09	7181.38	735.10	86.32	-0.9	2933218	0.00e+00	1.98e-16	4.69e+00 1.02e-09	1.53e-05	2.00e-02
1.053	0.0587	4.69e-09	4.01e-09	7063.24	722.03	84.99	-0.9	2899685	0.00e+00	2.06e-16	4.95e+00 1.08e-09	1.62e-05	1.97e-02
1.078	0.0605	4.44e-09	3.79e-09	6883.76	715.74	83.67	-0.9	2866536	0.00e+00	2.18e-16	5.26e+00 1.17e-09	1.76e-05	1.94e-02
1.103	0.0623	4.19e-09	3.59e-09	6708.91	709.49	82.37	-0.9	2833765	0.00e+00	2.31e-16	5.60e+00 1.27e-09	1.90e-05	1.91e-02
1.128	0.0642	3.97e-09	3.39e-09	6538.13	703.34	81.10	-0.9	2801369	0.00e+00	2.44e-16	5.95e+00 1.37e-09	2.06e-05	1.89e-02
1.155	0.0662	3.75e-09	3.21e-09	6371.74	697.24	79.86	-0.9	2769343	0.00e+00	2.58e-16	6.33e+00 1.49e-09	2.23e-05	1.86e-02
1.181	0.0682	3.55e-09	3.03e-09	6209.20	691.23	78.63	-0.9	2737684	0.00e+00	2.73e-16	6.74e+00 1.61e-09	2.42e-05	1.83e-02
1.209	0.0703	3.35e-09	2.87e-09	6050.85	685.27	77.43	-0.9	2706386	0.00e+00	2.89e-16	7.17e+00 1.75e-09	2.62e-05	1.80e-02
1.237	0.0725	3.17e-09	2.71e-09	5896.15	679.41	76.26	-0.9	2675446	0.00e+00	3.05e-16	7.63e+00 1.89e-09	2.84e-05	1.77e-02
1.266	0.0745	3.02e-09	2.58e-09	5775.27	670.11	75.12	-0.9	2644860	0.00e+00	3.20e-16	8.08e+00 2.03e-09	3.04e-05	1.75e-02
1.295	0.0763	2.91e-09	2.49e-09	5696.76	656.33	74.04	-0.9	2614624	0.00e+00	3.33e-16	8.51e+00 2.14e-09	3.22e-05	1.73e-02
1.325	0.0782	2.80e-09	2.40e-09	5618.57	642.88	72.97	-0.9	2584733	0.00e+00	3.46e-16	8.96e+00 2.27e-09	3.40e-05	1.71e-02
1.356	0.0801	2.70e-09	2.31e-09	5541.50	629.77	71.94	-0.9	2555184	0.00e+00	3.59e-16	9.44e+00 2.40e-09	3.59e-05	1.69e-02
1.388	0.0820	2.60e-09	2.22e-09	5466.62	616.70	70.93	-0.9	2525973	0.00e+00	3.73e-16	9.94e+00 2.53e-09	3.80e-05	1.67e-02
1.420	0.0840	2.50e-09	2.14e-09	5392.59	603.97	69.94	-0.9	2497096	0.00e+00	3.87e-16	1.05e+01 2.67e-09	4.01e-05	1.65e-02
1.453	0.0861	2.41e-09	2.06e-09	5319.08	591.62	68.97	-0.9	2468548	0.00e+00	4.02e-16	1.10e+01 2.83e-09	4.24e-05	1.63e-02
1.487	0.0882	2.32e-09	1.98e-09	5244.26	579.65	68.03	-0.9	2440328	0.00e+00	4.18e-16	1.16e+01 2.99e-09	4.48e-05	1.61e-02
1.521	0.0904	2.23e-09	1.91e-09	5169.79	568.07	67.10	-0.9	2412429	0.00e+00	4.34e-16	1.22e+01 3.16e-09	4.75e-05	1.59e-02
1.557	0.0926	2.14e-09	1.83e-09	5095.88	556.77	66.20	-0.8	2384850	0.00e+00	4.51e-16	1.29e+01 3.35e-09	5.02e-05	1.57e-02
1.593	0.0949	2.06e-09	1.76e-09	5022.02	545.80	65.32	-0.8	2357586	0.00e+00	4.69e-16	1.36e+01 3.55e-09	5.32e-05	1.55e-02
1.630	0.0973	1.98e-09	1.70e-09	4947.70	535.26	64.46	-0.8	2330634	0.00e+00	4.88e-16	1.43e+01 3.76e-09	5.64e-05	1.53e-02
1.668	0.0997	1.90e-09	1.63e-09	4873.73	524.91	63.62	-0.8	2303990	0.00e+00	5.08e-16	1.51e+01 3.99e-09	5.98e-05	1.51e-02
1.707	0.1022	1.83e-09	1.57e-09	4800.19	514.90	62.80	-0.8	2277650	0.00e+00	5.29e-16	1.59e+01 4.23e-09	6.35e-05	1.49e-02
1.746	0.1048	1.76e-09	1.50e-09	4726.59	505.22	62.00	-0.8	2251612	0.00e+00	5.51e-16	1.68e+01 4.49e-09	6.74e-05	1.48e-02
1.787	0.1075	1.69e-09	1.44e-09	4652.85	495.78	61.22	-0.8	2225871	0.00e+00	5.74e-16	1.77e+01 4.77e-09	7.16e-05	1.46e-02
1.829	0.1102	1.62e-09	1.39e-09	4580.25	486.63	60.46	-0.8	2200425	0.00e+00	5.98e-16	1.87e+01 5.07e-09	7.61e-05	1.44e-02
1.871	0.1130	1.55e-09	1.33e-09	4507.41	477.66	59.71	-0.8	2175269	0.00e+00	6.23e-16	1.97e+01 5.40e-09	8.09e-05	1.42e-02
1.915	0.1159	1.49e-09	1.27e-09	4434.60	469.04	58.99	-0.8	2150401	0.00e+00	6.49e-16	2.08e+01 5.74e-09	8.62e-05	1.40e-02
1.959	0.1189	1.43e-09	1.22e-09	4362.52	460.63	58.28	-0.8	2125817	0.00e+00	6.77e-16	2.20e+01 6.12e-09	9.18e-05	1.39e-02
2.005	0.1220	1.37e-09	1.17e-09	4291.00	452.42	57.58	-0.8	2101515	0.00e+00	7.06e-16	2.32e+01 6.52e-09	9.78e-05	1.37e-02
2.051	0.1254	1.31e-09	1.12e-09	4204.67	446.06	56.89	-0.8	2077490	0.00e+00	7.41e-16	2.46e+01 7.01e-09	1.05e-04	1.35e-02
2.099	0.1295	1.23e-09	1.05e-09	4081.52	443.96	56.15	-0.8	2053740	0.00e+00	7.88e-16	2.62e+01 7.71e-09	1.16e-04	1.33e-02
2.148	0.1337	1.15e-09	9.88e-10	3961.77	441.86	55.42	-0.8	2030261	0.00e+00	8.38e-16	2.80e+01 8.49e-09	1.27e-04	1.31e-02
2.198	0.1381	1.08e-09	9.28e-10	3845.37	439.79	54.72	-0.8	2007051	0.00e+00	8.92e-16	2.99e+01 9.37e-09	1.40e-04	1.29e-02
2.249	0.1426	1.02e-09	8.73e-10	3732.60	437.74	54.02	-0.8	1984106	0.00e+00	9.49e-16	3.19e+01 1.03e-08	1.55e-04	1.27e-02
2.301	0.1473	9.58e-10	8.20e-10	3622.81	435.69	53.34	-0.8	1961423	0.00e+00	1.01e-15	3.40e+01 1.14e-08	1.72e-04	1.24e-02
2.355	0.1521	9.01e-10	7.71e-10	3516.33	433.69	52.67	-0.8	1939000	0.00e+00	1.07e-15	3.63e+01 1.27e-08	1.90e-04	1.22e-02
2.410	0.1570	8.47e-10	7.24e-10	3412.87	431.68	52.02	-0.8	1916833	0.00e+00	1.14e-15	3.87e+01 1.41e-08	2.11e-04	1.21e-02
2.466	0.1622	7.96e-10	6.81e-10	3312.26	429.70	51.38	-0.8	1894920	0.00e+00	1.22e-15	4.14e+01 1.57e-08	2.35e-04	1.19e-02
2.523	0.1675	7.48e-10	6.40e-10	3214.66	427.72	50.75	-0.8	1873257	0.00e+00	1.29e-15	4.41e+01 1.74e-08	2.62e-04	1.17e-02
2.582	0.1730	7.03e-10	6.01e-10	3119.92	425.79	50.13	-0.8	1851841	0.00e+00	1.38e-15	4.71e+01 1.95e-08	2.92e-04	1.15e-02
2.642	0.1786	6.60e-10	5.65e-10	3027.87	423.86	49.53	-0.8	1830671	0.00e+00	1.47e-15	5.03e+01 2.18e-08	3.27e-04	1.13e-02
2.703	0.1845	6.20e-10	5.31e-10	2938.43	421.96	48.93	-0.8	1809742	0.00e+00	1.56e-15	5.37e+01 2.45e-08	3.67e-04	1.11e-02
2.766	0.1905	5.83e-10	4.99e-10	2851.69	420.05	48.35	-0.8	1789053	0.00e+00	1.66e-15	5.73e+01 2.75e-08	4.13e-04	1.09e-02
2.831	0.1968	5.48e-10	4.69e-10	2767.34	418.16	47.78	-0.9	1768600	0.00e+00	1.77e-15	6.12e+01 3.10e-08	4.65e-04	1.08e-02
2.897	0.2030	5.17e-10	4.42e-10	2692.31	415.26	47.24	-0.9	1748382	0.00e+00	1.87e-15	6.51e+01 3.47e-08	5.21e-04	1.06e-02
2.964	0.2087	4.92e-10	4.21e-10	2635.37	409.84	46.75	-0.9	1728394	0.00e+00	1.97e-15	6.90e+01 3.82e-08	5.73e-04	1.05e-02
3.033	0.2146	4.68e-10	4.01e-10	2579.41	404.53	46.27	-0.9	1708635	0.00e+00	2.07e-15	7.32e+01 4.20e-08	6.31e-04	1.03e-02
3.103	0.2207	4.46e-10	3.81e-10	2524.39	399.33	45.80	-0.9	1689101	0.00e+00	2.09e-15	7.48e+01 4.39e-08	6.58e-04	9.98e-03
3.176	0.2270	4.24e-10	3.63e-10	2470.36	394.23	45.35	-0.9	1669791	0.00e+00	1.73e-15	6.21e+01 3.36e-08	5.04e-04	8.72e-03
3.249	0.2335	4.03e-10	3.45e-10	2417.22	389.22	44.90	-0.9	1650702	0.00e+00	1.50e-15	5.44e+01 2.78e-08	4.18e-04	7.81e-03
3.325	0.2398	3.85e-10	3.30e-10	2372.46	383.12	44.48	-0.8	1631831	0.00e+00	1.29e-15	4.74e+01 2.28e-08	3.42e-04	6.99e-03
3.402	0.2463	3.68e-10	3.15e-10	2328.54	377.11	44.07	-0.8	1613176	0.00e+00	1.15e-15	4.27e+01 1.97e-08	2.95e-04	6.37e-03
3.482	0.2529	3.52e-10	3.01e-10	2285.27	371.24	43.68	-0.8	1594733	0.00e+00	1.05e-15	3.95e+01 1.76e-08	2.64e-04	5.88e-03
3.563	0.2598	3.36e-10	2.88e-10	2242.35	365.50	43.29	-0.8	1576502	0.00e+00	9.82e-16	3.72e+01 1.62e-08	2.44e-04	5.47e-03
3.645	0.2668	3.21e-10	2.75e-10	2200.34	359.87	42.91	-0.8	1558479	0.00e+00	9.28e-16	3.55e+01 1.53e-08	2.29e-04	5.13e-03
3.730	0.2740	3.07e-10	2.63e-10	2158.77	354.34	42.54	-0.8	1540663	0.00e+00	8.87e-16	3.43e+01 1.47e-08	2.20e-04	4.84e-03
3.817	0.2815	2.93e-10	2.51e-10	2118.00	348.93	42.18	-0.8	1523050	0.00e+00	8.56e-16	3.34e+01 1.43e-08	2.14e-04	4.58e-03
3.906	0.2891	2.80e-10	2.40e-10	2077.56	343.64	41.82	-0.8	1505638	0.00e+00	8.32e-16	3.29e+01 1.40e-08	2.11e-04	4.36e-03
3.997	0.2970	2.67e-10	2.29e-10	2037.87	338.46	41.48	-0.8	1488425	0.00e+00	8.15e-16	3.25e+01 1.40e-08	2.10e-04	4.16e-03
4.090	0.3051	2.55e-10	2.18e-10	1999.12	333.36	41.14	-0.8	1471409	0.00e+00	8.02e-16	3.23e+01 1.40e-08	2.10e-04	3.98e-03
4.185	0.3134	2.44e-10	2.09e-10	1960.64	328.33	40.81	-0.8	1454588	0.00e+00	7.93e-16	3.23e+01 1.42e-08	2.13e-04	3.81e-03
4.282	0.3220	2.33e-10	1.99e-10	1922.93	323.44	40.48	-0.8	1437959	0.00e+00	7.88e-16	3.24e+01 1.44e-08	2.16e-04	3.66e-03
4.382	0.3308	2.22e-10	1.90e-10	1885.67	318.63	40.17	-0.8	1421520	0.00e+00	7.86e-16	3.26e+01 1.48e-08	2.22e-04	3.53e-03
4.484	0.3399	2.12e-10	1.81e-10	1849.41	313.91	39.85	-0.8	1405269	0.00e+00	7.86e-16	3.30e+01 1.52e-08	2.28e-04	3.40e-03
4.588	0.3492	2.02e-10	1.73e-10	1813.70	309.23	39.55	-0.8	1389204	0.00e+00	7.89e-16	3.34e+01 1.57e-08	2.36e-04	3.28e-03
4.695	0.3587	1.93e-10	1.65e-10	1778.40	304.63	39.25	-0.8	1373322	0.00e+00	7.93e-16	3.39e+01 1.63e-08	2.44e-04	3.17e-03
4.804	0.3686	1.84e-10	1.58e-10	1743.89	300.15	38.96	-0.8	1357622	0.00e+00	8.00e-16	3.45e+01 1.70e-08	2.55e-04	3.07e-03
4.916	0.3787	1.76e-10	1.50e-10	1709.89	295.76	38.67	-0.8	1342102	0.00e+00	8.09e-16	3.53e+01 1.78e-08	2.66e-04	2.98e-03
5.030	0.3895	1.67e-10	1.43e-10	1673.50	291.92	38.38	-0.8	1326759	0.00e+00	8.25e-16	3.63e+01 1.88e-08	2.83e-04	2.89e-03
5.147	0.4006	1.59e-10	1.36e-10	1637.35	288.25	38.08	-0.8	1311591	0.00e+00	8.44e-16	3.74e+01 2.01e-08	3.02e-04	2.81e-03
5.267	0.4120	1.51e-10	1.30e-10	1601.98	284.63	37.80	-0.8	1296597	0.00e+00	8.64e-16	3.87e+01 2.15e-08	3.22e-04	2.74e-03
5.389	0.4238	1.44e-10	1.23e-10	1567.22	281.08	37.51	-0.8	1281774	0.00e+00	8.87e-16	4.00e+01 2.30e-08	3.45e-04	2.67e-03
5.515	0.4359	1.37e-10	1.17e-10	1533.20	277.57	37.24	-0.8	1267120	0.00e+00	9.11e-16	4.14e+01 2.47e-08	3.70e-04	2.60e-03
5.643	0.4485	1.30e-10	1.11e-10	1499.64	274.16	36.96	-0.8	1252634	0.00e+00	9.37e-16	4.30e+01 2.65e-08	3.98e-04	2.53e-03
5.774	0.4614	1.24e-10	1.06e-10	1466.65	270.82	36.69	-0.8	1238314	0.00e+00	9.66e-16	4.47e+01 2.86e-08	4.29e-04	2.47e-03
5.908	0.4747	1.18e-10	1.01e-10	1434.34	267.53	36.43	-0.8	1224157	0.00e+00	9.97e-16	4.65e+01 3.08e-08	4.62e-04	2.42e-03
6.046	0.4883	1.12e-10	9.57e-11	1402.58	264.29	36.16	-0.8	1210163	0.00e+00	1.03e-15	4.84e+01 3.33e-08	4.99e-04	2.36e-03
6.187	0.5024	1.06e-10	9.10e-11	1371.61	261.12	35.90	-0.8	1196328	0.00e+00	1.07e-15	5.05e+01 3.60e-08	5.40e-04	2.31e-03
6.330	0.5169	1.01e-10	8.65e-11	1341.14	257.97	35.65	-0.8	1182651	0.00e+00	1.11e-15	5.28e+01 3.90e-08	5.85e-04	2.26e-03
6.478	0.5313	9.64e-11	8.24e-11	1314.13	254.37	35.41	-0.8	1169131	0.00e+00	1.14e-15	5.49e+01 4.17e-08	6.26e-04	2.21e-03
6.628	0.5459	9.20e-11	7.87e-11	1288.78	250.61	35.19	-0.8	1155765	0.00e+00	1.17e-15	5.70e+01 4.45e-08	6.67e-04	2.16e-03
6.783	0.5608	8.78e-11	7.51e-11	1263.72	246.89	34.97	-0.8	1142553	0.00e+00	1.21e-15	5.94e+01 4.75e-08	7.12e-04	2.11e-03
6.940	0.5762	8.38e-11	7.17e-11	1239.18	243.24	34.75	-0.8	1129491	0.00e+00	1.25e-15	6.19e+01 5.07e-08	7.61e-04	2.07e-03
7.102	0.5920	8.00e-11	6.84e-11	1215.03	239.66	34.54	-0.8	1116578	0.00e+00	1.29e-15	6.46e+01 5.43e-08	8.15e-04	2.03e-03
7.267	0.6082	7.63e-11	6.53e-11	1191.77	236.06	34.33	-0.8	1103813	0.00e+00	1.33e-15	6.74e+01 5.81e-08	8.72e-04	1.99e-03
7.436	0.6248	7.29e-11	6.24e-11	1168.89	232.52	34.12	-0.8	1091194	0.00e+00	1.38e-15	7.05e+01 6.22e-08	9.33e-04	1.95e-03
7.609	0.6419	6.96e-11	5.95e-11	1146.41	229.05	33.92	-0.8	1078720	0.00e+00	1.43e-15	7.38e+01 6.67e-08	1.00e-03	1.91e-03
7.786	0.6594	6.64e-11	5.68e-11	1124.28	225.63	33.71	-0.8	1066388	0.00e+00	1.49e-15	7.74e+01 7.16e-08	1.07e-03	1.88e-03
7.967	0.6774	6.34e-11	5.43e-11	1102.72	222.23	33.52	-0.8	1054197	0.00e+00	1.54e-15	8.13e+01 7.69e-08	1.15e-03	1.85e-03
8.153	0.6958	6.06e-11	5.18e-11	1081.81	218.86	33.32	-0.8	1042145	0.00e+00	1.61e-15	8.54e+01 8.25e-08	1.24e-03	1.82e-03
8.342	0.7147	5.78e-11	4.95e-11	1061.26	215.53	33.13	-0.8	1030231	0.00e+00	1.67e-15	8.99e+01 8.87e-08	1.33e-03	1.79e-03
8.536	0.7342	5.52e-11	4.73e-11	1040.99	212.26	32.94	-0.8	1018453	0.00e+00	1.75e-15	9.47e+01 9.54e-08	1.43e-03	1.76e-03
8.735	0.7542	5.27e-11	4.51e-11	1021.12	209.06	32.76	-0.8	1006810	0.00e+00	1.82e-15	9.99e+01 1.03e-07	1.54e-03	1.73e-03
8.938	0.7746	5.04e-11	4.31e-11	1001.98	205.83	32.57	-0.7	995300	0.00e+00	1.91e-15	1.05e+02 1.11e-07	1.66e-03	1.71e-03
9.146	0.7956	4.81e-11	4.12e-11	983.21	202.66	32.40	-0.7	983922	0.00e+00	1.99e-15	1.11e+02 1.19e-07	1.78e-03	1.69e-03
9.359	0.8172	4.60e-11	3.94e-11	964.74	199.53	32.22	-0.7	972673	0.00e+00	2.09e-15	1.18e+02 1.28e-07	1.92e-03	1.67e-03
9.576	0.8393	4.39e-11	3.76e-11	946.57	196.47	32.04	-0.7	961554	0.00e+00	2.19e-15	1.25e+02 1.38e-07	2.07e-03	1.64e-03
9.799	0.8620	4.20e-11	3.59e-11	928.95	193.42	31.87	-0.7	950561	0.00e+00	2.30e-15	1.33e+02 1.49e-07	2.23e-03	1.63e-03
10.027	0.8852	4.01e-11	3.43e-11	911.74	190.38	31.70	-0.7	939694	0.00e+00	2.42e-15	1.41e+02 1.61e-07	2.41e-03	1.61e-03
10.260	0.9091	3.83e-11	3.28e-11	894.88	187.40	31.53	-0.7	928951	0.00e+00	2.54e-15	1.50e+02 1.73e-07	2.60e-03	1.59e-03
10.499	0.9336	3.66e-11	3.14e-11	878.28	184.47	31.37	-0.7	918331	0.00e+00	2.68e-15	1.59e+02 1.87e-07	2.80e-03	1.57e-03
10.743	0.9587	3.50e-11	3.00e-11	862.04	181.57	31.20	-0.7	907833	0.00e+00	2.82e-15	1.70e+02 2.02e-07	3.02e-03	1.56e-03
10.993	0.9844	3.35e-11	2.87e-11	846.31	178.66	31.04	-0.7	897454	0.00e+00	2.98e-15	1.81e+02 2.18e-07	3.26e-03	1.55e-03
11.249	1.0108	3.20e-11	2.74e-11	830.87	175.81	30.88	-0.7	887195	0.00e+00	3.14e-15	1.93e+02 2.35e-07	3.52e-03	1.53e-03
11.511	1.0379	3.06e-11	2.62e-11	815.71	173.00	30.73	-0.7	877052	0.00e+00	3.32e-15	2.06e+02 2.54e-07	3.80e-03	1.52e-03
11.778	1.0658	2.93e-11	2.50e-11	800.84	170.26	30.57	-0.7	867025	0.00e+00	3.52e-15	2.20e+02 2.74e-07	4.10e-03	1.51e-03
12.052	1.0942	2.80e-11	2.40e-11	786.41	167.49	30.42	-0.7	857114	0.00e+00	3.72e-15	2.35e+02 2.96e-07	4.42e-03	1.50e-03
12.333	1.1233	2.68e-11	2.29e-11	772.27	164.76	30.27	-0.7	847315	0.00e+00	3.94e-15	2.52e+02 3.19e-07	4.76e-03	1.49e-03
12.620	1.1533	2.56e-11	2.19e-11	758.43	162.09	30.12	-0.7	837628	0.00e+00	4.18e-15	2.70e+02 3.44e-07	5.13e-03	1.48e-03
12.913	1.1840	2.45e-11	2.10e-11	744.77	159.47	29.97	-0.7	828052	0.00e+00	4.43e-15	2.89e+02 3.71e-07	5.53e-03	1.47e-03
13.214	1.2183	2.33e-11	1.99e-11	728.12	157.58	29.79	-0.7	818586	0.00e+00	4.78e-15	3.14e+02 4.09e-07	6.07e-03	1.47e-03
13.521	1.2550	2.20e-11	1.89e-11	710.25	156.07	29.60	-0.7	809228	0.00e+00	5.20e-15	3.44e+02 4.54e-07	6.72e-03	1.47e-03
13.835	1.2924	2.09e-11	1.79e-11	693.27	154.47	29.41	-0.7	799977	0.00e+00	5.65e-15	3.77e+02 5.01e-07	7.40e-03	1.47e-03
14.157	1.3304	1.98e-11	1.70e-11	677.23	152.77	29.23	-0.7	790831	0.00e+00	6.13e-15	4.11e+02 5.50e-07	8.10e-03	1.47e-03
14.487	1.3690	1.88e-11	1.61e-11	662.02	150.99	29.06	-0.7	781790	0.00e+00	6.64e-15	4.49e+02 6.01e-07	8.81e-03	1.47e-03
14.824	1.4086	1.79e-11	1.53e-11	647.29	149.19	28.89	-0.7	772853	0.00e+00	7.21e-15	4.91e+02 6.56e-07	9.57e-03	1.47e-03
15.168	1.4501	1.70e-11	1.45e-11	632.16	147.58	28.71	-0.7	764017	0.00e+00	7.89e-15	5.41e+02 7.19e-07	1.04e-02	1.48e-03
15.521	1.4957	1.60e-11	1.37e-11	615.00	146.55	28.51	-0.7	755283	0.00e+00	8.74e-15	6.02e+02 7.92e-07	1.14e-02	1.49e-03
15.882	1.5430	1.51e-11	1.29e-11	598.19	145.56	28.30	-0.7	746648	0.00e+00	9.69e-15	6.71e+02 8.68e-07	1.24e-02	1.50e-03
16.252	1.5919	1.42e-11	1.22e-11	581.72	144.60	28.10	-0.7	738113	0.00e+00	1.08e-14	7.48e+02 9.44e-07	1.33e-02	1.51e-03
16.630	1.6428	1.34e-11	1.15e-11	565.44	143.72	27.90	-0.7	729674	0.00e+00	1.20e-14	8.35e+02 1.02e-06	1.43e-02	1.52e-03
17.017	1.6953	1.26e-11	1.08e-11	549.60	142.86	27.69	-0.7	721333	0.00e+00	1.33e-14	9.32e+02 1.09e-06	1.51e-02	1.53e-03
17.413	1.7496	1.19e-11	1.02e-11	534.09	142.02	27.49	-0.7	713086	0.00e+00	1.48e-14	1.04e+03 1.16e-06	1.59e-02	1.54e-03
17.818	1.8058	1.12e-11	9.58e-12	518.98	141.19	27.29	-0.7	704934	0.00e+00	1.65e-14	1.16e+03 1.23e-06	1.67e-02	1.55e-03
18.232	1.8639	1.05e-11	9.02e-12	504.20	140.41	27.09	-0.7	696875	0.00e+00	1.84e-14	1.30e+03 1.29e-06	1.73e-02	1.56e-03
18.656	1.9240	9.92e-12	8.49e-12	489.80	139.63	26.89	-0.7	688909	0.00e+00	2.04e-14	1.45e+03 1.35e-06	1.79e-02	1.58e-03
19.090	1.9861	9.33e-12	7.99e-12	475.80	138.87	26.69	-0.7	681033	0.00e+00	2.28e-14	1.62e+03 1.41e-06	1.84e-02	1.59e-03
19.534	2.0503	8.78e-12	7.51e-12	462.12	138.13	26.49	-0.7	673247	0.00e+00	2.53e-14	1.81e+03 1.46e-06	1.89e-02	1.60e-03
19.989	2.1065	8.38e-12	7.17e-12	453.26	136.08	26.36	-0.7	665551	0.00e+00	2.74e-14	1.98e+03 1.49e-06	1.91e-02	1.60e-03
20.454	2.1626	8.02e-12	6.86e-12	445.15	133.86	26.24	-0.7	657942	0.00e+00	2.94e-14	2.15e+03 1.51e-06	1.93e-02	1.60e-03
20.930	2.2201	7.67e-12	6.56e-12	437.18	131.68	26.12	-0.7	650420	0.00e+00	3.16e-14	2.34e+03 1.54e-06	1.95e-02	1.61e-03
21.416	2.2793	7.34e-12	6.28e-12	429.31	129.53	25.99	-0.7	642984	0.00e+00	3.40e-14	2.54e+03 1.56e-06	1.96e-02	1.61e-03
21.915	2.3398	7.02e-12	6.01e-12	421.71	127.41	25.87	-0.7	635634	0.00e+00	3.65e-14	2.75e+03 1.58e-06	1.97e-02	1.61e-03
22.424	2.4018	6.72e-12	5.75e-12	414.15	125.30	25.75	-0.7	628367	0.00e+00	3.92e-14	2.99e+03 1.60e-06	1.98e-02	1.61e-03
22.946	2.4657	6.43e-12	5.50e-12	406.84	123.25	25.64	-0.7	621184	0.00e+00	4.21e-14	3.24e+03 1.61e-06	1.99e-02	1.61e-03
23.480	2.5312	6.15e-12	5.26e-12	399.58	121.23	25.52	-0.7	614082	0.00e+00	4.52e-14	3.52e+03 1.63e-06	1.99e-02	1.61e-03
24.026	2.5983	5.89e-12	5.04e-12	392.52	119.22	25.40	-0.7	607062	0.00e+00	4.85e-14	3.81e+03 1.64e-06	1.99e-02	1.61e-03
24.585	2.6671	5.63e-12	4.82e-12	385.62	117.25	25.29	-0.7	600122	0.00e+00	5.20e-14	4.13e+03 1.65e-06	1.99e-02	1.61e-03
25.157	2.7378	5.39e-12	4.61e-12	378.82	115.31	25.17	-0.7	593261	0.00e+00	5.58e-14	4.48e+03 1.67e-06	1.99e-02	1.61e-03
25.742	2.8103	5.16e-12	4.41e-12	372.13	113.40	25.06	-0.7	586479	0.00e+00	5.98e-14	4.85e+03 1.67e-06	1.99e-02	1.61e-03
26.341	2.8846	4.94e-12	4.22e-12	365.57	111.51	24.94	-0.7	579774	0.00e+00	6.40e-14	5.25e+03 1.68e-06	1.99e-02	1.61e-03
26.954	2.9609	4.73e-12	4.04e-12	359.16	109.65	24.83	-0.7	573146	0.00e+00	6.86e-14	5.68e+03 1.69e-06	1.98e-02	1.61e-03
27.581	3.0392	4.52e-12	3.87e-12	352.89	107.83	24.72	-0.7	566594	0.00e+00	7.34e-14	6.15e+03 1.70e-06	1.98e-02	1.61e-03
28.222	3.1196	4.33e-12	3.70e-12	346.72	106.04	24.61	-0.7	560116	0.00e+00	7.85e-14	6.65e+03 1.70e-06	1.97e-02	1.60e-03
28.879	3.2020	4.14e-12	3.55e-12	340.65	104.27	24.50	-0.7	553713	0.00e+00	8.40e-14	7.19e+03 1.71e-06	1.97e-02	1.60e-03
29.551	3.2863	3.97e-12	3.39e-12	334.67	102.51	24.39	-0.7	547383	0.00e+00	8.99e-14	7.77e+03 1.71e-06	1.96e-02	1.60e-03
30.238	3.3729	3.80e-12	3.25e-12	328.83	100.79	24.28	-0.7	541125	0.00e+00	9.61e-14	8.40e+03 1.72e-06	1.95e-02	1.60e-03
30.941	3.4620	3.64e-12	3.11e-12	323.10	99.10	24.17	-0.7	534939	0.00e+00	1.03e-13	9.07e+03 1.72e-06	1.94e-02	1.59e-03
31.661	3.5533	3.48e-12	2.98e-12	317.48	97.44	24.06	-0.7	528823	0.00e+00	1.10e-13	9.79e+03 1.72e-06	1.93e-02	1.59e-03
32.398	3.6469	3.33e-12	2.85e-12	311.96	95.80	23.96	-0.7	522778	0.00e+00	1.17e-13	1.06e+04 1.72e-06	1.92e-02	1.59e-03
33.151	3.7428	3.19e-12	2.73e-12	306.53	94.18	23.85	-0.7	516801	0.00e+00	1.25e-13	1.14e+04 1.72e-06	1.91e-02	1.59e-03
33.922	3.8414	3.05e-12	2.61e-12	301.21	92.59	23.74	-0.7	510893	0.00e+00	1.33e-13	1.23e+04 1.72e-06	1.90e-02	1.58e-03
34.712	3.9427	2.92e-12	2.50e-12	295.99	91.03	23.64	-0.7	505053	0.00e+00	1.42e-13	1.33e+04 1.72e-06	1.89e-02	1.58e-03
35.519	4.0463	2.80e-12	2.40e-12	290.86	89.49	23.54	-0.6	499279	0.00e+00	1.52e-13	1.43e+04 1.72e-06	1.87e-02	1.57e-03
36.345	4.1529	2.68e-12	2.29e-12	285.85	87.98	23.43	-0.6	493571	0.00e+00	1.62e-13	1.54e+04 1.72e-06	1.86e-02	1.57e-03
37.191	4.2622	2.57e-12	2.20e-12	280.92	86.50	23.33	-0.6	487928	0.00e+00	1.72e-13	1.66e+04 1.72e-06	1.85e-02	1.56e-03
38.056	4.3744	2.46e-12	2.10e-12	276.07	85.04	23.23	-0.6	482350	0.00e+00	1.84e-13	1.78e+04 1.72e-06	1.84e-02	1.56e-03
38.941	4.4894	2.35e-12	2.01e-12	271.32	83.60	23.13	-0.6	476836	0.00e+00	1.96e-13	1.92e+04 1.72e-06	1.82e-02	1.56e-03
39.847	4.6072	2.25e-12	1.93e-12	266.62	82.17	23.02	-0.6	471385	0.00e+00	2.08e-13	2.07e+04 1.72e-06	1.81e-02	1.55e-03
40.774	4.7282	2.16e-12	1.85e-12	262.01	80.78	22.92	-0.6	465996	0.00e+00	2.22e-13	2.22e+04 1.72e-06	1.79e-02	1.54e-03
41.723	4.8526	2.07e-12	1.77e-12	257.52	79.41	22.82	-0.6	460669	0.00e+00	2.36e-13	2.39e+04 1.71e-06	1.78e-02	1.54e-03
42.693	4.9800	1.98e-12	1.69e-12	253.08	78.06	22.72	-0.6	455402	0.00e+00	2.51e-13	2.57e+04 1.71e-06	1.77e-02	1.53e-03
43.686	5.1107	1.90e-12	1.62e-12	248.73	76.73	22.62	-0.6	450196	0.00e+00	2.67e-13	2.76e+04 1.71e-06	1.75e-02	1.53e-03
44.703	5.2448	1.82e-12	1.55e-12	244.46	75.42	22.53	-0.6	445049	0.00e+00	2.84e-13	2.97e+04 1.70e-06	1.74e-02	1.52e-03
45.742	5.3826	1.74e-12	1.49e-12	240.25	74.14	22.43	-0.6	439961	0.00e+00	3.01e-13	3.19e+04 1.70e-06	1.72e-02	1.52e-03
46.806	5.5240	1.67e-12	1.42e-12	236.15	72.88	22.33	-0.6	434932	0.00e+00	3.20e-13	3.42e+04 1.70e-06	1.71e-02	1.51e-03
47.895	5.6688	1.59e-12	1.36e-12	232.09	71.64	22.23	-0.6	429959	0.00e+00	3.40e-13	3.67e+04 1.70e-06	1.69e-02	1.50e-03
49.009	5.8173	1.53e-12	1.31e-12	228.09	70.41	22.14	-0.6	425044	0.00e+00	3.61e-13	3.94e+04 1.69e-06	1.67e-02	1.50e-03
50.150	5.9703	1.46e-12	1.25e-12	224.19	69.22	22.04	-0.6	420185	0.00e+00	3.83e-13	4.23e+04 1.69e-06	1.66e-02	1.49e-03
51.316	6.1266	1.40e-12	1.20e-12	220.35	68.03	21.94	-0.6	415381	0.00e+00	4.07e-13	4.54e+04 1.68e-06	1.64e-02	1.48e-03
52.510	6.2875	1.34e-12	1.15e-12	216.57	66.88	21.85	-0.6	410633	0.00e+00	4.32e-13	4.86e+04 1.68e-06	1.63e-02	1.47e-03
53.731	6.4525	1.29e-12	1.10e-12	212.87	65.74	21.76	-0.6	405938	0.00e+00	4.58e-13	5.21e+04 1.68e-06	1.61e-02	1.47e-03
54.981	6.6215	1.23e-12	1.05e-12	209.22	64.61	21.66	-0.6	401297	0.00e+00	4.86e-13	5.59e+04 1.67e-06	1.60e-02	1.46e-03
56.260	6.7952	1.18e-12	1.01e-12	205.64	63.51	21.57	-0.6	396710	0.00e+00	5.15e-13	5.98e+04 1.67e-06	1.58e-02	1.45e-03
57.569	6.9733	1.13e-12	9.66e-13	202.12	62.42	21.47	-0.6	392175	0.00e+00	5.46e-13	6.41e+04 1.66e-06	1.57e-02	1.44e-03
58.908	7.1558	1.08e-12	9.25e-13	198.64	61.35	21.38	-0.6	387691	0.00e+00	5.78e-13	6.86e+04 1.66e-06	1.55e-02	1.44e-03
60.279	7.3437	1.04e-12	8.86e-13	195.26	60.31	21.29	-0.6	383259	0.00e+00	6.13e-13	7.35e+04 1.66e-06	1.53e-02	1.43e-03
61.681	7.5360	9.92e-13	8.49e-13	191.91	59.28	21.20	-0.6	378878	0.00e+00	6.49e-13	7.86e+04 1.65e-06	1.52e-02	1.42e-03
63.116	7.7334	9.50e-13	8.13e-13	188.63	58.26	21.11	-0.6	374546	0.00e+00	6.87e-13	8.41e+04 1.65e-06	1.50e-02	1.41e-03
64.584	7.9363	9.10e-13	7.79e-13	185.41	57.27	21.01	-0.6	370264	0.00e+00	7.28e-13	9.00e+04 1.64e-06	1.49e-02	1.40e-03
66.086	8.1442	8.72e-13	7.46e-13	182.22	56.29	20.92	-0.6	366031	0.00e+00	7.70e-13	9.63e+04 1.64e-06	1.47e-02	1.39e-03
67.624	8.3576	8.35e-13	7.14e-13	179.11	55.32	20.83	-0.6	361847	0.00e+00	8.15e-13	1.03e+05 1.63e-06	1.45e-02	1.39e-03
69.197	8.5770	8.00e-13	6.84e-13	176.06	54.38	20.74	-0.5	357710	0.00e+00	8.62e-13	1.10e+05 1.63e-06	1.44e-02	1.38e-03
70.806	8.8018	7.66e-13	6.55e-13	173.05	53.45	20.65	-0.5	353621	0.00e+00	9.12e-13	1.18e+05 1.62e-06	1.42e-02	1.37e-03
72.454	9.0327	7.34e-13	6.28e-13	170.08	52.54	20.56	-0.5	349578	0.00e+00	9.65e-13	1.26e+05 1.62e-06	1.41e-02	1.36e-03
74.139	9.2692	7.03e-13	6.01e-13	167.17	51.64	20.48	-0.5	345582	0.00e+00	1.02e-12	1.34e+05 1.62e-06	1.39e-02	1.35e-03
75.864	9.5123	6.73e-13	5.76e-13	164.31	50.76	20.39	-0.5	341631	0.00e+00	1.08e-12	1.43e+05 1.61e-06	1.38e-02	1.34e-03
77.628	9.7616	6.45e-13	5.51e-13	161.50	49.89	20.30	-0.5	337725	0.00e+00	1.14e-12	1.53e+05 1.61e-06	1.36e-02	1.33e-03
79.434	10.0178	6.17e-13	5.28e-13	158.73	49.04	20.21	-0.5	333864	0.00e+00	1.20e-12	1.63e+05 1.60e-06	1.35e-02	1.32e-03
81.282	10.2805	5.91e-13	5.06e-13	156.01	48.20	20.12	-0.5	330048	0.00e+00	1.27e-12	1.74e+05 1.60e-06	1.33e-02	1.31e-03
83.173	10.5501	5.66e-13	4.84e-13	153.34	47.38	20.04	-0.5	326274	0.00e+00	1.34e-12	1.86e+05 1.59e-06	1.31e-02	1.30e-03
85.108	10.8269	5.42e-13	4.64e-13	150.71	46.57	19.95	-0.5	322544	0.00e+00	1.42e-12	1.99e+05 1.59e-06	1.30e-02	1.30e-03
87.087	11.1108	5.19e-13	4.44e-13	148.12	45.78	19.86	-0.5	318857	0.00e+00	1.50e-12	2.12e+05 1.59e-06	1.28e-02	1.29e-03
89.113	11.4022	4.97e-13	4.26e-13	145.58	45.00	19.78	-0.5	315212	0.00e+00	1.58e-12	2.26e+05 1.58e-06	1.27e-02	1.28e-03
91.186	11.7015	4.76e-13	4.08e-13	143.08	44.23	19.69	-0.5	311608	0.00e+00	1.67e-12	2.41e+05 1.58e-06	1.25e-02	1.27e-03
93.308	12.0089	4.56e-13	3.90e-13	140.63	43.48	19.61	-0.5	308046	0.00e+00	1.77e-12	2.57e+05 1.57e-06	1.24e-02	1.26e-03
95.478	12.3243	4.37e-13	3.74e-13	138.21	42.74	19.52	-0.5	304524	0.00e+00	1.86e-12	2.74e+05 1.57e-06	1.22e-02	1.25e-03
97.699	12.6478	4.18e-13	3.58e-13	135.83	42.01	19.44	-0.5	301043	0.00e+00	1.97e-12	2.92e+05 1.56e-06	1.21e-02	1.24e-03
99.972	12.9798	4.01e-13	3.43e-13	133.49	41.30	19.35	-0.5	297601	0.00e+00	2.07e-12	3.11e+05 1.56e-06	1.19e-02	1.23e-03
102.298	13.3209	3.84e-13	3.28e-13	131.19	40.60	19.27	-0.5	294199	0.00e+00	2.19e-12	3.32e+05 1.56e-06	1.18e-02	1.22e-03
104.677	13.6710	3.67e-13	3.14e-13	128.93	39.91	19.19	-0.5	290836	0.00e+00	2.31e-12	3.53e+05 1.55e-06	1.16e-02	1.21e-03
107.112	14.0304	3.52e-13	3.01e-13	126.70	39.23	19.10	-0.5	287511	0.00e+00	2.43e-12	3.76e+05 1.55e-06	1.15e-02	1.20e-03
109.604	14.3993	3.37e-13	2.88e-13	124.52	38.57	19.02	-0.5	284224	0.00e+00	2.57e-12	4.01e+05 1.54e-06	1.13e-02	1.19e-03
112.154	14.7786	3.23e-13	2.76e-13	122.37	37.92	18.94	-0.5	280975	0.00e+00	2.71e-12	4.27e+05 1.54e-06	1.12e-02	1.18e-03
114.763	15.1668	3.09e-13	2.64e-13	120.25	37.28	18.85	-0.5	277763	0.00e+00	2.85e-12	4.54e+05 1.54e-06	1.11e-02	1.17e-03
117.432	15.5661	2.96e-13	2.53e-13	118.16	36.65	18.77	-0.5	274587	0.00e+00	3.01e-12	4.84e+05 1.53e-06	1.09e-02	1.16e-03
120.164	15.9763	2.83e-13	2.42e-13	116.11	36.03	18.69	-0.5	271448	0.00e+00	3.17e-12	5.15e+05 1.53e-06	1.08e-02	1.15e-03
122.959	16.3975	2.71e-13	2.32e-13	114.10	35.43	18.61	-0.5	268345	0.00e+00	3.34e-12	5.48e+05 1.53e-06	1.06e-02	1.14e-03
125.820	16.8289	2.60e-13	2.22e-13	112.11	34.83	18.53	-0.5	265277	0.00e+00	3.52e-12	5.83e+05 1.52e-06	1.05e-02	1.13e-03
128.746	17.2736	2.48e-13	2.13e-13	110.16	34.25	18.45	-0.5	262244	0.00e+00	3.71e-12	6.20e+05 1.52e-06	1.03e-02	1.12e-03
131.741	17.7290	2.38e-13	2.04e-13	108.25	33.67	18.37	-0.5	259246	0.00e+00	3.91e-12	6.60e+05 1.52e-06	1.02e-02	1.11e-03
134.806	18.1971	2.28e-13	1.95e-13	106.36	33.11	18.28	-0.5	256283	0.00e+00	4.12e-12	7.02e+05 1.51e-06	1.01e-02	1.10e-03
137.942	18.6783	2.18e-13	1.86e-13	104.50	32.56	18.20	-0.5	253353	0.00e+00	4.34e-12	7.46e+05 1.51e-06	9.94e-03	1.09e-03
141.151	19.1712	2.09e-13	1.78e-13	102.66	32.01	18.12	-0.5	250456	0.00e+00	4.57e-12	7.93e+05 1.51e-06	9.80e-03	1.08e-03
144.434	19.6789	2.00e-13	1.71e-13	100.87	31.48	18.04	-0.5	247593	0.00e+00	4.81e-12	8.44e+05 1.50e-06	9.67e-03	1.07e-03
147.794	20.1991	1.91e-13	1.64e-13	99.09	30.96	17.96	-0.5	244763	0.00e+00	5.06e-12	8.97e+05 1.50e-06	9.54e-03	1.06e-03
151.232	20.7332	1.83e-13	1.56e-13	97.33	30.44	17.88	-0.5	241965	0.00e+00	5.33e-12	9.54e+05 1.50e-06	9.41e-03	1.05e-03
154.750	21.2825	1.75e-13	1.50e-13	95.61	29.94	17.80	-0.5	239198	0.00e+00	5.62e-12	1.01e+06 1.49e-06	9.28e-03	1.04e-03
158.350	21.8481	1.67e-13	1.43e-13	93.93	29.45	17.73	-0.5	236464	0.00e+00	5.91e-12	1.08e+06 1.49e-06	9.15e-03	1.03e-03
162.034	22.4275	1.60e-13	1.37e-13	92.26	28.96	17.65	-0.4	233761	0.00e+00	6.23e-12	1.14e+06 1.49e-06	9.02e-03	1.02e-03
165.803	23.0233	1.53e-13	1.31e-13	90.63	28.48	17.57	-0.4	231088	0.00e+00	6.56e-12	1.22e+06 1.49e-06	8.89e-03	1.01e-03
169.660	23.6348	1.47e-13	1.26e-13	89.01	28.02	17.49	-0.4	228446	0.00e+00	6.90e-12	1.29e+06 1.48e-06	8.77e-03	1.01e-03
173.607	24.2644	1.40e-13	1.20e-13	87.42	27.56	17.41	-0.4	225835	0.00e+00	7.27e-12	1.37e+06 1.48e-06	8.64e-03	9.96e-04
177.645	24.9101	1.34e-13	1.15e-13	85.85	27.11	17.33	-0.4	223253	0.00e+00	7.65e-12	1.46e+06 1.48e-06	8.52e-03	9.86e-04
181.778	25.5737	1.28e-13	1.10e-13	84.31	26.67	17.25	-0.4	220701	0.00e+00	8.05e-12	1.55e+06 1.48e-06	8.40e-03	9.77e-04
186.006	26.2566	1.23e-13	1.05e-13	82.79	26.24	17.17	-0.4	218178	0.00e+00	8.48e-12	1.65e+06 1.47e-06	8.28e-03	9.67e-04
190.333	26.9581	1.17e-13	1.01e-13	81.30	25.82	17.10	-0.4	215683	0.00e+00	8.92e-12	1.75e+06 1.47e-06	8.16e-03	9.58e-04
194.761	27.6786	1.12e-13	9.61e-14	79.83	25.40	17.02	-0.4	213218	0.00e+00	9.39e-12	1.86e+06 1.47e-06	8.04e-03	9.48e-04
199.292	28.4196	1.07e-13	9.19e-14	78.37	24.99	16.94	-0.4	210780	0.00e+00	9.88e-12	1.97e+06 1.47e-06	7.92e-03	9.39e-04
203.928	29.1820	1.03e-13	8.79e-14	76.95	24.59	16.86	-0.4	208370	0.00e+00	1.04e-11	2.09e+06 1.46e-06	7.80e-03	9.29e-04
208.671	29.9645	9.82e-14	8.40e-14	75.54	24.20	16.79	-0.4	205988	0.00e+00	1.10e-11	2.22e+06 1.46e-06	7.69e-03	9.20e-04
213.526	30.7698	9.39e-14	8.03e-14	74.15	23.82	16.71	-0.4	203633	0.00e+00	1.15e-11	2.36e+06 1.46e-06	7.57e-03	9.11e-04
218.493	31.5976	8.97e-14	7.68e-14	72.79	23.44	16.63	-0.4	201305	0.00e+00	1.21e-11	2.51e+06 1.46e-06	7.46e-03	9.02e-04
223.575	32.4488	8.58e-14	7.34e-14	71.44	23.08	16.55	-0.4	199004	0.00e+00	1.28e-11	2.66e+06 1.46e-06	7.35e-03	8.92e-04
228.776	33.3242	8.20e-14	7.01e-14	70.12	22.72	16.48	-0.4	196729	0.00e+00	1.34e-11	2.83e+06 1.45e-06	7.24e-03	8.83e-04
234.098	34.2234	7.83e-14	6.70e-14	68.81	22.36	16.40	-0.4	194480	0.00e+00	1.42e-11	3.00e+06 1.45e-06	7.13e-03	8.74e-04
239.544	35.1496	7.48e-14	6.40e-14	67.52	22.02	16.32	-0.4	192257	0.00e+00	1.49e-11	3.19e+06 1.45e-06	7.02e-03	8.65e-04
245.116	36.1026	7.15e-14	6.12e-14	66.25	21.68	16.24	-0.4	190059	0.00e+00	1.57e-11	3.38e+06 1.45e-06	6.91e-03	8.56e-04
250.818	37.0821	6.83e-14	5.84e-14	65.00	21.34	16.17	-0.4	187886	0.00e+00	1.65e-11	3.59e+06 1.45e-06	6.81e-03	8.47e-04
256.653	38.0904	6.52e-14	5.58e-14	63.77	21.02	16.09	-0.4	185738	0.00e+00	1.74e-11	3.81e+06 1.45e-06	6.70e-03	8.38e-04
262.623	39.1270	6.23e-14	5.33e-14	62.55	20.70	16.01	-0.4	183615	0.00e+00	1.83e-11	4.05e+06 1.44e-06	6.60e-03	8.29e-04
268.733	40.1944	5.95e-14	5.09e-14	61.36	20.39	15.93	-0.4	181516	0.00e+00	1.93e-11	4.30e+06 1.44e-06	6.50e-03	8.20e-04
274.984	41.2922	5.68e-14	4.86e-14	60.18	20.08	15.86	-0.4	179440	0.00e+00	2.03e-11	4.56e+06 1.44e-06	6.40e-03	8.11e-04
281.381	42.4215	5.42e-14	4.64e-14	59.01	19.78	15.78	-0.4	177389	0.00e+00	2.14e-11	4.84e+06 1.44e-06	6.30e-03	8.03e-04
287.926	43.5850	5.17e-14	4.43e-14	57.87	19.49	15.70	-0.4	175361	0.00e+00	2.25e-11	5.14e+06 1.44e-06	6.20e-03	7.94e-04
294.624	44.7824	4.94e-14	4.22e-14	56.74	19.21	15.63	-0.4	173356	0.00e+00	2.37e-11	5.46e+06 1.44e-06	6.10e-03	7.85e-04
301.478	46.0148	4.71e-14	4.03e-14	55.63	18.93	15.55	-0.4	171375	0.00e+00	2.50e-11	5.80e+06 1.44e-06	6.00e-03	7.76e-04
308.491	47.2834	4.49e-14	3.84e-14	54.53	18.65	15.47	-0.4	169415	0.00e+00	2.63e-11	6.15e+06 1.44e-06	5.91e-03	7.68e-04
315.667	48.5917	4.29e-14	3.67e-14	53.45	18.39	15.39	-0.4	167479	0.00e+00	2.77e-11	6.53e+06 1.43e-06	5.82e-03	7.59e-04
323.010	49.9370	4.09e-14	3.50e-14	52.39	18.12	15.32	-0.4	165564	0.00e+00	2.92e-11	6.94e+06 1.43e-06	5.72e-03	7.51e-04
330.524	51.3207	3.90e-14	3.33e-14	51.33	17.87	15.24	-0.4	163671	0.00e+00	3.08e-11	7.37e+06 1.43e-06	5.63e-03	7.42e-04
338.213	52.7483	3.71e-14	3.18e-14	50.30	17.62	15.16	-0.4	161800	0.00e+00	3.24e-11	7.82e+06 1.43e-06	5.54e-03	7.34e-04
346.081	54.2195	3.54e-14	3.03e-14	49.28	17.37	15.08	-0.4	159950	0.00e+00	3.42e-11	8.30e+06 1.43e-06	5.45e-03	7.26e-04
354.132	55.7311	3.37e-14	2.89e-14	48.27	17.13	15.01	-0.4	158122	0.00e+00	3.60e-11	8.82e+06 1.43e-06	5.36e-03	7.17e-04
362.369	57.2917	3.22e-14	2.75e-14	47.29	16.90	14.93	-0.4	156314	0.00e+00	3.80e-11	9.36e+06 1.43e-06	5.28e-03	7.09e-04
370.799	58.8983	3.06e-14	2.62e-14	46.31	16.67	14.85	-0.4	154527	0.00e+00	4.00e-11	9.94e+06 1.43e-06	5.19e-03	7.01e-04
379.425	60.5552	2.92e-14	2.50e-14	45.36	16.44	14.77	-0.4	152761	0.00e+00	4.22e-11	1.06e+07 1.43e-06	5.10e-03	6.93e-04
388.251	62.2587	2.78e-14	2.38e-14	44.41	16.22	14.70	-0.4	151014	0.00e+00	4.45e-11	1.12e+07 1.43e-06	5.02e-03	6.85e-04
397.283	64.0161	2.65e-14	2.26e-14	43.47	16.01	14.62	-0.4	149288	0.00e+00	4.70e-11	1.19e+07 1.43e-06	4.94e-03	6.77e-04
406.525	65.8296	2.52e-14	2.16e-14	42.56	15.80	14.54	-0.4	147581	0.00e+00	4.95e-11	1.26e+07 1.43e-06	4.86e-03	6.69e-04
415.981	67.6950	2.40e-14	2.05e-14	41.66	15.59	14.46	-0.4	145894	0.00e+00	5.23e-11	1.34e+07 1.43e-06	4.78e-03	6.61e-04
425.658	69.6208	2.28e-14	1.95e-14	40.77	15.39	14.39	-0.4	144226	0.00e+00	5.51e-11	1.43e+07 1.42e-06	4.70e-03	6.53e-04
435.560	71.6023	2.17e-14	1.86e-14	39.90	15.20	14.31	-0.4	142577	0.00e+00	5.82e-11	1.52e+07 1.42e-06	4.62e-03	6.45e-04
445.692	73.6487	2.06e-14	1.77e-14	39.04	15.01	14.23	-0.4	140947	0.00e+00	6.14e-11	1.61e+07 1.42e-06	4.54e-03	6.37e-04
456.060	75.7560	1.96e-14	1.68e-14	38.19	14.82	14.15	-0.4	139336	0.00e+00	6.48e-11	1.71e+07 1.42e-06	4.46e-03	6.29e-04
466.669	77.9282	1.87e-14	1.60e-14	37.35	14.64	14.08	-0.4	137743	0.00e+00	6.84e-11	1.82e+07 1.42e-06	4.39e-03	6.22e-04
477.525	80.1689	1.78e-14	1.52e-14	36.53	14.46	14.00	-0.4	136168	0.00e+00	7.22e-11	1.93e+07 1.42e-06	4.32e-03	6.14e-04
488.633	82.4785	1.69e-14	1.44e-14	35.73	14.28	13.92	-0.4	134612	0.00e+00	7.63e-11	2.05e+07 1.42e-06	4.24e-03	6.07e-04
500.000	84.8616	1.60e-14	1.37e-14	34.93	14.11	13.84	-0.4	133073	0.00e+00	8.05e-11	2.18e+07 1.42e-06	4.17e-03	5.99e-04
