# 1:lamst 2:lamfst 3:disk_data_1[0] 4:disk_data_1[1] 5:disk_data_1[0] 6:disk_data_1[1] 7:disk_data_3[0] 8:disk_data_3[1] 
9.999999999999999547e-07 4.304357988218943192e-156 4.999999999999999020e-04 8.735910340656482891e-35 1.000000000000000048e-04 4.143514070410770236e-46 5.999999999999997306e-04 5.495732211836532117e-11
1.059560179277617014e-06 2.111584449726230121e-147 5.134911573176754139e-04 4.369802124265004142e-34 1.035321843295662701e-04 1.015930361689391751e-44 6.156251015454120143e-04 5.581790979678990216e-11
1.122667773510813544e-06 3.319983555559307351e-139 5.273463372868919270e-04 2.090271974036372156e-33 1.071891319205127554e-04 2.224351030544319550e-43 6.316571094213316827e-04 5.654511900187533590e-11
1.189534067370320708e-06 1.783484467283744648e-131 5.415753620813668198e-04 9.573106809173107358e-33 1.109752496412072157e-04 4.366061060729810869e-42 6.481066202156474674e-04 5.718840158382054095e-11
1.260382929679727474e-06 3.477168011443190883e-124 5.561883188998003333e-04 4.202619586704317400e-32 1.148951000187308635e-04 7.712017460294940528e-41 6.649845064708531867e-04 5.774776226936634023e-11
1.335451562929900098e-06 2.604643406811266844e-117 5.711955671168616458e-04 1.770512218916401761e-31 1.189534067370319513e-04 1.230342566888947735e-39 6.823019238704081937e-04 5.822361541489340634e-11
1.414991297434575852e-06 7.910238159455635477e-111 5.866077456271271556e-04 7.165903285193760376e-31 1.231550603292826216e-04 1.779087156817990774e-38 7.000703186122503091e-04 5.866297953103544038e-11
1.499268432786047032e-06 1.024682394018944861e-104 6.024357803871722159e-04 2.789361327679505408e-30 1.275051240713012809e-04 2.339707545604084293e-37 7.183014349743255126e-04 5.892700022574267870e-11
1.588565129428052708e-06 5.939477742497691157e-99 6.186908921611720610e-04 1.045337433928764139e-29 1.320088400831418048e-04 2.807679249872785725e-36 7.370073230771408048e-04 5.915984512414400318e-11
1.683180353330958455e-06 1.611751541263091989e-93 6.353846044754914851e-04 3.775460076648794506e-29 1.366716356462005988e-04 3.084134135170010386e-35 7.562003468484621189e-04 5.927151717838944390e-11
1.783430876931909385e-06 2.136814517012443167e-88 6.525287517879071932e-04 1.315456858883403002e-28 1.414991297434575767e-04 3.110631652721977782e-34 7.758931921954340940e-04 5.934962332273174354e-11
1.889652339691211599e-06 1.440923743719296776e-83 6.701354878772612482e-04 4.425848839967710131e-28 1.464971398307286375e-04 2.889190300470392835e-33 7.960988753895129055e-04 5.935383468913119656e-11
2.002200371815584564e-06 5.133625681323431456e-79 6.882172944594806439e-04 1.439256259043516530e-27 1.516716888470922469e-04 2.478295480656345234e-32 8.168307516697622924e-04 5.931865098710739339e-11
2.121451784910631934e-06 1.001595383662328544e-74 7.067869900360763871e-04 4.527915471414738473e-27 1.570290124729377390e-04 1.968668200086158499e-31 8.381025240701881450e-04 5.918359008317308880e-11
2.247805833548725500e-06 1.106995039598720177e-70 7.258577389814024373e-04 1.379314013313904402e-26 1.625755666443793484e-04 1.452061778199925714e-30 8.599282524769598412e-04 5.898157879793441985e-11
2.381685551976160786e-06 7.155801324733059830e-67 7.454430608751030658e-04 4.072001132822397784e-26 1.683180353330956719e-04 9.970120360311452524e-30 8.823223629214946686e-04 5.879182613180607893e-11
2.523539170434765982e-06 2.788201898418340746e-63 7.655568400863749495e-04 1.165996591049678111e-25 1.742633386009650781e-04 6.388347600395628937e-29 9.052996571155553628e-04 5.839567789135745159e-11
2.673841615839949212e-06 6.737543247832565400e-60 7.862133356168305668e-04 3.241050724550144190e-25 1.804186409392071779e-04 3.828966294937856358e-28 9.288753222346511932e-04 5.797070413769605243e-11
2.833096101839324281e-06 1.037178966751266110e-56 8.074271912089526354e-04 8.752216931155284396e-25 1.867913599020782809e-04 2.151665927918183834e-27 9.530649409562244991e-04 5.755781763248830033e-11
3.001835813575591919e-06 1.043249978425275548e-53 8.292134457272910993e-04 2.297888036909457121e-24 1.933891750455229996e-04 1.136131679698676150e-26 9.778845017592457424e-04 5.707600037069817670e-11
3.180625692794119338e-06 7.022546224318627992e-51 8.515875438197684092e-04 5.870074695424299270e-24 2.002200371815584547e-04 5.648972237240799446e-26 1.003350409492034323e-03 5.654266375048920691e-11
3.370064329271931692e-06 3.235767957772009246e-48 8.745653468666590930e-04 1.460086705072767107e-23 2.072921779595371958e-04 2.650275902356818117e-25 1.029479496215274410e-03 5.596370794968742556e-11
3.570785964900462606e-06 1.042534695741635514e-45 8.981631442249901317e-04 3.538680341170129762e-23 2.146141197858403608e-04 1.175591263054855819e-24 1.056289032327413502e-03 5.534318214550277056e-11
3.783462617131932677e-06 2.396446355541232962e-43 9.223976647763458808e-04 8.362391652710602936e-23 2.221946860939523970e-04 4.939670757225120807e-24 1.083796737979780952e-03 5.468459089745478086e-11
4.008806328898464506e-06 4.005453358151039404e-41 9.472860887862542649e-04 1.928131488572976096e-22 2.300430119772916963e-04 1.969790519502229350e-23 1.112020794788982046e-03 5.399120411299308765e-11
4.247571552536902774e-06 4.955891648098349858e-39 9.728460600835758939e-04 4.340524311680474591e-22 2.381685551976158279e-04 7.467905395105463326e-23 1.140979857854295277e-03 5.326615137213477516e-11
4.500557675700497562e-06 4.616577929446305003e-37 9.990956985685135565e-04 9.546007551313928014e-22 2.465811075822603774e-04 2.696398301267868966e-22 1.170693068088034337e-03 5.258058056353973980e-11
4.768611697714474770e-06 3.289850455129625658e-35 1.026053613058114985e-03 2.052307720694762823e-21 2.552908068239516468e-04 9.287523464773308444e-22 1.201180064867009376e-03 5.179774902000940624e-11
5.052631065335680056e-06 1.820663218244090977e-33 1.053738914478387573e-03 4.315827783679468975e-21 2.643081486974105496e-04 3.056651978488298273e-21 1.232460999013462559e-03 5.093459830702673826e-11
5.353566677410729675e-06 7.936934461608315000e-32 1.082171229412357645e-03 8.882585605639437022e-21 2.736439997074672083e-04 9.627157813625316416e-21 1.264556546114038770e-03 5.011287896908987272e-11
5.672426068491977286e-06 2.762300788615568112e-30 1.111370714013686480e-03 1.790252506039119340e-20 2.833096101839323875e-04 2.906090924573567310e-20 1.297487920185618187e-03 4.926579386935119416e-11
6.010276782070388150e-06 7.772880122511320392e-29 1.141358068295718559e-03 3.535314889132934962e-20 2.933166278390045355e-04 8.419964518063557788e-20 1.331276887697026940e-03 4.841214089230706102e-11
6.368249944718586522e-06 1.789676716665630597e-27 1.172154550806071014e-03 6.844059638454952158e-20 3.036771118035457235e-04 2.344827857044830925e-19 1.365945781955904244e-03 4.754571757356110690e-11
6.747544053110699385e-06 3.409933705150881760e-26 1.203781993697178917e-03 1.299565307987581470e-19 3.144035471591500111e-04 6.284930373534473015e-19 1.401517517870218624e-03 4.666882909722220296e-11
7.149428986597577096e-06 5.433977663326757095e-25 1.236262818203486208e-03 2.421596952514751237e-19 3.255088599835056465e-04 1.623484415245883016e-18 1.438015607094212528e-03 4.578367342762580659e-11
7.575250258771920504e-06 7.315640583927909745e-24 1.269620050536238338e-03 4.430370341135875698e-19 3.370064329271928389e-04 4.046729065126421840e-18 1.475464173568769065e-03 4.489234077591097564e-11
8.026433522257174640e-06 8.399748907894209679e-23 1.303877338207158837e-03 7.961996569706110254e-19 3.489101213406773793e-04 9.745411842565125635e-18 1.513887969466485390e-03 4.399681374305375803e-11
8.504489341802686365e-06 8.299369425341527435e-22 1.339058966792568270e-03 1.406214721824653138e-18 3.612342699709430527e-04 2.270127103579798847e-17 1.553312391551971670e-03 4.309896807138466312e-11
9.011018251665018299e-06 7.116324570684746892e-21 1.375189877149853154e-03 2.441898520762104162e-18 3.739937302478797796e-04 5.120951194640482287e-17 1.593763497968216352e-03 4.220057394082316503e-11
9.547716114208066747e-06 5.337761151694116814e-20 1.412295683098461737e-03 4.171030585649883426e-18 3.872038781812557140e-04 1.119905761126551909e-16 1.635268025460089383e-03 4.130329775067006257e-11
1.011637979766207114e-05 3.528755746672372066e-19 1.450402689577972139e-03 7.011120021288056197e-18 4.008806328898464845e-04 2.376875690196750259e-16 1.677853407046388983e-03 4.040870433276904848e-11
1.071891319205128571e-05 2.070741374232268964e-18 1.489537911296124261e-03 1.160227896355134875e-17 4.150404757850476825e-04 4.900876918728415420e-16 1.721547790152081923e-03 3.951825954715942444e-11
1.135733358343105172e-05 1.085878826698110719e-17 1.529729091879999774e-03 1.890993154791434272e-17 4.297004704320839491e-04 9.826901296720002892e-16 1.766380055212759398e-03 3.863333321697411287e-11
1.203377840777590590e-05 5.120755090057207260e-17 1.571004723543957364e-03 3.036698201043275770e-17 4.448782831127585566e-04 1.918021423516259621e-15 1.812379834763574700e-03 3.758521274845723094e-11
1.275051240713012877e-05 2.184617076895071354e-16 1.613394067288242886e-03 4.806712131137916373e-17 4.605922041145103524e-04 3.647446370112226112e-15 1.859577533025305379e-03 3.672388555849239758e-11
1.350993521198027796e-05 8.479127920250767411e-16 1.656927173642622729e-03 7.502306691249465672e-17 4.768611697714469281e-04 6.764161150255404406e-15 1.908004346000451417e-03 3.602399248221560037e-11
1.431458937523478591e-05 3.010024102828145627e-15 1.701634903969712499e-03 1.155055595967053522e-16 4.937047852839003808e-04 1.224352312840955863e-14 1.957692282092692981e-03 3.517303628052297712e-11
1.516716888470924061e-05 9.822234568696905348e-15 1.747548952343118455e-03 1.754806934612243923e-16 5.111433483440165366e-04 2.164868378789668845e-14 2.008674183263306663e-03 3.433312940023404324e-11
1.607052818261638468e-05 2.960249569544921615e-14 1.794701868015918583e-03 2.631643972119695953e-16 5.291978735958442325e-04 3.742330992827390479e-14 2.060983746738533594e-03 3.350514218442149064e-11
1.702769172225901238e-05 8.276841191851961012e-14 1.843127078495377909e-03 3.897133500930844669e-16 5.478901179593945181e-04 6.329649756035775019e-14 2.114655547282256413e-03 3.268987667053647500e-11
1.804186409392071643e-05 2.156009544011965594e-13 1.892858913240275370e-03 5.700710192056643270e-16 5.672426068491977658e-04 1.048271377260528328e-13 2.169725060048680824e-03 3.188807145418478657e-11
1.911644075385703765e-05 5.253092339201449453e-13 1.943932627997653007e-03 8.239855638969947775e-16 5.872786613189482762e-04 1.701152010404104392e-13 2.226228684030156103e-03 3.110040680210201793e-11
2.025501939230666413e-05 1.201680642412159712e-12 1.996384429796212428e-03 1.177212812661666136e-15 6.080224261649420404e-04 2.707048454574005133e-13 2.284203766115623906e-03 3.034083622262055926e-11
2.146141197858405979e-05 2.590075627937124591e-12 2.050251502614089567e-03 1.662912181082932314e-15 6.294988990221887619e-04 4.226981677649200388e-13 2.343688625775573308e-03 2.958269507461387017e-11
2.273965752357927516e-05 5.277622332964814694e-12 2.105572033739224087e-03 2.323236155601792562e-15 6.517339604882420442e-04 6.480882662217626741e-13 2.404722580389858765e-03 2.884048530741793898e-11
2.409403560239526900e-05 1.019854275860794181e-11 2.162385240840971473e-03 3.211104822876453865e-15 6.747544053110692778e-04 9.763058557016284668e-13 2.467345971235087709e-03 2.811470468152092934e-11
2.552908068239516468e-05 1.874589946024877709e-11 2.220731399772181598e-03 4.392146022774038163e-15 6.985879746785249268e-04 1.445955239442617823e-12 2.531600190148771898e-03 2.740582380717195824e-11
2.704959730463137214e-05 3.286733500104744161e-11 2.280651873121440458e-03 5.946769343444819410e-15 7.232633896483533272e-04 2.106693801223968768e-12 2.597527706887871237e-03 2.671429359757699181e-11
2.866067616948250315e-05 5.511449896009853603e-11 2.342189139535705636e-03 7.972328816874165614e-15 7.488103857590022510e-04 3.021185711540989015e-12 2.665172097199779416e-03 2.604055333710465417e-11
3.036771118035460623e-05 8.861329068126873530e-11 2.405386823834159988e-03 1.058531542028648257e-14 7.752597488629464108e-04 4.267037120751584943e-12 2.734578071624353245e-03 2.538503945759905942e-11
3.217641750250735676e-05 1.369276136768530450e-10 2.470289727934582916e-03 1.392350707815750201e-14 8.026433522257173624e-04 5.938598989355880255e-12 2.805791505046000434e-03 2.474819512826147896e-11
3.409285069746814190e-05 2.038039443310369690e-10 2.536943862614189551e-03 1.814799161906231160e-14 8.309941949353395101e-04 8.148507288613635955e-12 2.878859467015331894e-03 2.417300882381361614e-11
3.612342699709430527e-05 2.928058638882619468e-10 2.605396480127468006e-03 2.344496794388028452e-14 8.603464416684500826e-04 1.102882090416356431e-11 2.953830252860474917e-03 2.357193192382055557e-11
3.827494478516314894e-05 4.068723962466825000e-10 2.675696107704106028e-03 3.002722336882246321e-14 8.907354638610440059e-04 1.473161712897627916e-11 3.030753415608568140e-03 2.302034610749148190e-11
4.055460735840827523e-05 5.478556173114572873e-10 2.747892581950762362e-03 3.813518150856860901e-14 9.221978823334321543e-04 1.942891444786658125e-11 3.109679798738546400e-03 2.245295904997470106e-11
4.297004704320843692e-05 7.161058023809313702e-10 2.822037084181104691e-03 4.803741581932929574e-14 9.547716114208055702e-04 2.531181286893795660e-11 3.190661569786891732e-03 2.190888932917195607e-11
4.552935074866947907e-05 9.101724928327875400e-10 2.898182176699110654e-03 6.003052949842979460e-14 9.884959046625586658e-04 3.258877286965343161e-11 3.273752254828499447e-03 2.138856928457015212e-11
4.824108704165373871e-05 1.126676479133532357e-09 2.976381840061372193e-03 7.443831307109861058e-14 1.023411402105452780e-03 4.148299364738590531e-11 3.359006773855525551e-03 2.089257453315394651e-11
5.111433483440165230e-05 1.360383282646762420e-09 3.056691511344853014e-03 9.161010665452487948e-14 1.059560179277615945e-03 5.222889746467262530e-11 3.446481477077559252e-03 2.042164422376622521e-11
5.415871378079476335e-05 1.604478302982395461e-09 3.139168123447169494e-03 1.119183142591751308e-13 1.096985797892384082e-03 6.506777643157406275e-11 3.536234182167091820e-03 1.997670247617220753e-11
5.738441648302392912e-05 1.851013587151080232e-09 3.223870145447285066e-03 1.357550419733236430e-13 1.135733358343105071e-03 8.024270761492706679e-11 3.628324212474956078e-03 1.955888120277081458e-11
6.080224261649426910e-05 2.091471976058654518e-09 3.310857624055258373e-03 1.635278596260805039e-13 1.175849554052155795e-03 9.799288833139516751e-11 3.722812436240955074e-03 1.916954438611029864e-11
6.442363508721369713e-05 2.317380282351778418e-09 3.400192226180371105e-03 1.956547154655219612e-13 1.217382727739662078e-03 1.185475824963473811e-10 3.819761306825598859e-03 1.881031373103789520e-11
6.826071834272392776e-05 2.520900795482014041e-09 3.491937282647844445e-03 2.325580642863217390e-13 1.260382929679727511e-03 1.421198980945607822e-10 3.919234903989576510e-03 1.848309542718678731e-11
7.232633896483533814e-05 2.695338949074534611e-09 3.586157833095160972e-03 2.746582999613813495e-13 1.304901978014401690e-03 1.689006330888440348e-10 4.021298976248179058e-03 1.819010754820739271e-11
7.663410868007462242e-05 2.835521625779330537e-09 3.682920672079763053e-03 3.223666121143694304e-13 1.350993521198026563e-03 1.990524311788215733e-10 4.126020984328741120e-03 1.793390738366656592e-11
8.119844993184009404e-05 2.938021457192673951e-09 3.782294396430857172e-03 3.760774124035303334e-13 1.398713102647238578e-03 2.327044795424443814e-10 4.233470145759805729e-03 1.771741775551505080e-11
8.603464416684509228e-05 3.001223638635415637e-09 3.884349453878883311e-03 4.361604973801532684e-13 1.448118227674533064e-03 2.699479587854990393e-10 4.343717480621419810e-03 1.754395112391570559e-11
9.115888299750818402e-05 3.025249943418937042e-09 3.989158192997097063e-03 5.029531311303066854e-13 1.499268432786045498e-03 3.108324224046185147e-10 4.456835858486906700e-03 1.741723005017751922e-11
9.658832241158708354e-05 3.011767673662675923e-09 4.096794914490733096e-03 5.767522411347321014e-13 1.552225357427047987e-03 3.553632414455815210e-10 4.572900046587061000e-03 1.734140237299713175e-11
1.023411402105453783e-04 2.963718401583037251e-09 4.207335923870032107e-03 6.578069244917856066e-13 1.607052818261638441e-03 4.035002024911464014e-10 4.691986759228628304e-03 1.732104928521856962e-11
1.084365968689610923e-04 2.885002845354966385e-09 4.320859585544507657e-03 7.463114586411353085e-13 1.663816886076127438e-03 4.551572909875117717e-10 4.814174708499757184e-03 1.736118438956261308e-11
1.148951000187309720e-04 2.780155188976250999e-09 4.437446378376842283e-03 8.423990011005064046e-13 1.722585965398787389e-03 5.102036787873476495e-10 4.939544656295863714e-03 1.746724178036605030e-11
1.217382727739662078e-04 2.654034093354853906e-09 4.557178952735709172e-03 9.461361468720323104e-13 1.783430876931909378e-03 5.684657831474181170e-10 5.068179467700394819e-03 1.764505125949907370e-11
1.289890261253309376e-04 2.511550091956649277e-09 4.680142189088023000e-03 1.057518490739021434e-12 1.846424942895542615e-03 6.297303811065577553e-10 5.200164165755714885e-03 1.790079896016666206e-11
1.366716356462007343e-04 2.357441336090884893e-09 4.806423258172176118e-03 1.176467315530095868e-12 1.911644075385701691e-03 6.937485841878659184e-10 5.335585987660293288e-03 1.824097192946583289e-11
1.448118227674534582e-04 2.196102712257580796e-09 4.936111682794851879e-03 1.302827497621579861e-12 1.979166867853557332e-03 7.602405264472121574e-10 5.474534442429412201e-03 1.867228561079794108e-11
1.534368408930013208e-04 2.031467766486398570e-09 5.069299401295254172e-03 1.436366688644090119e-12 2.049074689815846059e-03 8.289005785669843457e-10 5.617101370057439765e-03 1.920159366534828422e-11
1.625755666443795110e-04 1.866938859813831893e-09 5.206080832721798717e-03 1.576775798777861517e-12 2.121451784910629874e-03 8.994028927340761156e-10 5.763381002220803115e-03 1.983578016566343211e-11
1.722585965398787497e-04 1.705358502151969228e-09 5.346552943767373355e-03 1.723670773386563726e-12 2.196385372416547171e-03 9.714070807024172487e-10 5.913470024561803644e-03 2.058163486475103774e-11
1.825183494319044218e-04 1.549013656829932850e-09 5.490815317510661445e-03 1.876595622222070422e-12 2.273965752357927448e-03 1.044563832375872265e-09 6.067467640594353603e-03 2.144571296561877545e-11
1.933891750455232165e-04 1.399664680311764028e-09 5.638970224012344358e-03 2.035026630100384483e-12 2.354286414322415491e-03 1.118520293494974604e-09 6.225475637273996873e-03 2.243418155800480664e-11
2.049074689815848173e-04 1.258591150264476161e-09 5.791122692816026880e-03 2.198377069173224752e-12 2.437444150122221927e-03 1.192925037584372841e-09 6.387598452275490904e-03 2.355265561671878735e-11
2.171117945694505205e-04 1.126647857602037952e-09 5.947380587405503086e-03 2.366005830235167073e-12 2.523539170434765683e-03 1.267432488319680983e-09 6.553943243022362225e-03 2.480602713312021501e-11
2.300430119772919131e-04 1.004325463388099762e-09 6.107854681671063581e-03 2.537220865060679415e-12 2.612675225563326330e-03 1.341706673163651685e-09 6.724619957514183649e-03 2.619829154162429701e-11
2.437444150122221819e-04 8.918115780302980367e-10 6.272658738438912848e-03 2.711289390543245438e-12 2.704959730463134260e-03 1.415424216934391556e-09 6.899741406998292741e-03 2.773237607292320795e-11
2.582618760682677613e-04 7.890491932146182375e-10 6.441909590119655402e-03 2.887445511977263065e-12 2.800503894183630979e-03 1.488276514465438705e-09 7.079423340534016403e-03 2.940997498548935556e-11
2.736439997074672083e-04 6.957904197136656849e-10 6.615727221532755747e-03 3.064898801538240607e-12 2.899422853882875021e-03 1.559971054299531242e-09 7.263784521498685073e-03 3.123139677384043590e-11
2.899422853882878274e-04 6.116443268392070400e-10 6.794234854965808777e-03 3.242843043074867426e-12 3.001835813575588850e-03 1.630231899944956559e-09 7.452946806086036685e-03 3.319542841076378136e-11
3.072112998861758928e-04 5.361183383700595803e-10 6.977559037528963809e-03 3.420464980331969668e-12 3.107866187782013824e-03 1.698799370927595843e-09 7.647035223848779734e-03 3.529922144484193913e-11
3.255088599835059718e-04 4.686531284557618621e-10 7.165829730866313946e-03 3.596952914433929290e-12 3.217641750250735486e-03 1.765429001694526494e-09 7.846178060338748414e-03 3.753820434717506776e-11
3.448962260405759859e-04 4.086513016582425954e-10 7.359180403287901226e-03 3.771505008492153523e-12 3.331294787934673506e-03 1.829889891000625810e-09 8.050506941899047281e-03 3.986555921283727035e-11
3.654383070957257953e-04 3.555003600477681953e-10 7.557748124387724496e-03 3.943337171929982591e-12 3.448962260405759751e-03 1.891962586019539382e-09 8.260156922664413023e-03 4.235483069415452259e-11
3.872038781812557140e-04 3.085905832515773137e-10 7.761673662214695589e-03 4.111690413886213805e-12 3.570785964900462846e-03 1.951436672081790974e-09 8.475266573827197961e-03 4.495496968383568244e-11
4.102658105827194793e-04 2.673284985099433492e-10 7.971101583065489521e-03 4.275837573204566411e-12 3.696912707195024444e-03 2.008108258571513790e-09 8.695978075228013096e-03 4.765425125553348443e-11
4.347013158125026251e-04 2.311466177406797541e-10 8.186180353970106197e-03 4.435089351401686089e-12 3.827494478516311072e-03 2.061777562140763459e-09 8.922437309331530952e-03 5.047593273357707468e-11
4.605922041145108403e-04 1.995100842448326282e-10 8.407062447942663733e-03 4.588799594036466180e-12 3.962688638701478659e-03 2.112246788418576243e-09 9.154793957649664041e-03 5.333060861326253642e-11
4.880251583654433758e-04 1.719208162673424397e-10 8.633904452072098043e-03 4.736369784542833976e-12 4.102658105827190239e-03 2.159318501789301144e-09 9.393201599675660152e-03 5.623973626282877551e-11
5.170920242896760938e-04 1.479196681503166378e-10 8.866867178529464280e-03 4.877252732372877290e-12 4.247571552536898512e-03 2.202794649369943800e-09 9.637817814394761609e-03 5.918580231446691213e-11
5.478901179593945181e-04 1.270870594945287265e-10 9.106115778570421371e-03 5.010955453842910363e-12 4.397603609302721053e-03 2.242476370717968841e-09 9.888804284438263911e-03 6.215029222478522041e-11
5.805225516094901636e-04 1.090424535252967762e-10 9.351819859613733424e-03 5.137041259080014095e-12 4.552935074866947852e-03 2.278164680671657921e-09 1.014632690295002443e-02 6.511392168665060451e-11
6.150985788580504805e-04 9.344300092029457875e-11 9.604153605478964531e-03 5.255131071711340173e-12 4.713753134116724017e-03 2.309662061543263155e-09 1.041055588323592379e-02 6.805688495070854031e-11
6.517339604882426947e-04 7.998160654253167357e-11 9.863295899868238306e-03 5.364904019282301617e-12 4.880251583654433324e-03 2.336774945809586472e-09 1.068166587126884171e-02 7.095911450326638995e-11
6.905513520162330802e-04 6.838462470564020670e-11 1.012943045318005428e-02 5.466097341766076958e-12 5.052631065335679711e-03 2.359317015060676713e-09 1.095983606112340206e-02 7.380054632597251651e-11
7.316807143427199196e-04 5.840934397982760242e-11 1.040274593274466940e-02 5.558505672932279334e-12 5.231099308056257925e-03 2.377113188983797262e-09 1.124525031341694348e-02 7.656138492541792884e-11
7.752597488629464108e-04 4.984138487889080376e-11 1.068343609657360430e-02 5.641979754832256675e-12 5.415871378079470562e-03 2.390004133089538004e-09 1.153809727683480224e-02 7.922236246140982958e-11
8.214343584919430634e-04 4.249210253222339156e-11 1.097169993071802491e-02 5.716424649331210590e-12 5.607169938205458157e-03 2.397851078748461464e-09 1.183857051282045068e-02 8.176498660855600749e-11
8.703591361485165257e-04 3.619606097442635682e-11 1.126774179033331567e-02 5.781797512610745306e-12 5.805225516094895781e-03 2.400540726174457388e-09 1.214686862351268236e-02 8.417177223854523418e-11
9.221978823334331301e-04 3.080862525402566291e-11 1.157177154454998823e-02 5.838104999041355823e-12 6.010276782070381706e-03 2.397989991622750172e-09 1.246319538301463026e-02 8.642645258720179031e-11
9.771241535346502759e-04 2.620370144778507522e-11 1.188400472525344247e-02 5.885400359964165298e-12 6.222570836730231293e-03 2.390150364621865069e-09 1.278775987208115132e-02 8.851416624483265373e-11
1.035321843295662538e-03 2.227164218253307875e-11 1.220466267987822817e-02 5.923780300914203607e-12 6.442363508721370147e-03 2.377011658891096349e-09 1.312077661631384611e-02 9.042161705249287447e-11
1.096985797892384082e-03 1.891732578687970231e-11 1.253397272832503483e-02 5.953381657855256838e-12 6.669919663030121973e-03 2.358604970169532440e-09 1.346246572795479698e-02 9.213720477186153212e-11
1.162322468679853095e-03 1.605841016599991762e-11 1.287216832411160888e-02 5.974377949267489020e-12 6.905513520162331019e-03 2.335004693226113481e-09 1.381305305137300703e-02 9.365112519439420777e-11
1.231550603292826162e-03 1.362375743275477041e-11 1.321948921987199307e-02 5.986975856612010094e-12 7.149428986597577279e-03 2.306329496041325845e-09 1.417277031233945064e-02 9.495543913994339646e-11
1.304901978014402992e-03 1.155202182830335196e-11 1.357618163732121630e-02 5.991411680958573703e-12 7.401959996915637337e-03 2.272742198483036814e-09 1.454185527118963088e-02 9.604411054240382747e-11
1.382622173764656327e-03 9.790391182001388900e-12 1.394249844180609280e-02 5.987947818556386321e-12 7.663410868007454815e-03 2.234448552645883420e-09 1.492055187997466843e-02 9.691301450975913808e-11
1.464971398307286267e-03 8.293470810571760673e-12 1.431869932156580247e-02 5.976869292988192458e-12 7.934096665797491649e-03 2.191694969486414228e-09 1.530911044370499539e-02 9.755991686163211666e-11
1.552225357427047987e-03 7.022298109552244343e-12 1.470505097182927580e-02 5.958480376395047056e-12 8.214343584919422611e-03 2.144765278951977769e-09 1.570778778579302523e-02 9.798442717659901235e-11
1.644676177994664444e-03 5.943475960336556492e-12 1.510182728388005484e-02 5.933101327194694534e-12 8.504489341802676933e-03 2.093976646484182552e-09 1.611684741780436067e-02 9.818792781583940849e-11
1.742633386009650835e-03 5.028413316416016677e-12 1.550930953922244164e-02 5.901065266828067568e-12 8.804883581643463755e-03 2.039674796201884959e-09 1.653655971362954363e-02 9.817348172489136269e-11
1.846424942895544350e-03 4.252661827278197598e-12 1.592778660898679088e-02 5.862715213427071100e-12 9.115888299750818727e-03 1.982228709497931903e-09 1.696720208819159359e-02 9.794572205089583577e-11
1.956398343517064872e-03 3.595338018657582936e-12 1.635755515871521043e-02 5.818401285961754923e-12 9.437878277775381061e-03 1.922024977098744861e-09 1.740905918080746725e-02 9.751072675161511760e-11
2.072921779595371904e-03 3.038621305648497501e-12 1.679891985867277421e-02 5.768478088442140724e-12 9.771241535346501458e-03 1.859461983266756515e-09 1.786242304332447475e-02 9.687588142045985987e-11
2.196385372416547171e-03 2.567318919943042024e-12 1.725219359983353601e-02 5.713302280155197585e-12 1.011637979766207007e-02 1.794944093657249654e-09 1.832759333315623490e-02 9.604973351682110400e-11
2.327202478960409531e-03 2.168489647158774730e-12 1.771769771569424098e-02 5.653230334736388289e-12 1.047370897959449751e-02 1.728876004594415787e-09 1.880487751134553992e-02 9.504184108300100734e-11
2.465811075822603882e-03 1.831119068613401749e-12 1.819576221007314365e-02 5.588616488124453571e-12 1.084365968689609758e-02 1.661657392640786290e-09 1.929459104578522960e-02 9.386261885894592349e-11
2.612675225563328932e-03 1.545839766055469123e-12 1.868672599105537444e-02 5.519810873135374738e-12 1.122667773510813496e-02 1.593677980826785343e-09 1.979705761973121064e-02 9.252318448542951778e-11
2.768286630392066683e-03 1.304690666216960464e-12 1.919093711125062149e-02 5.447157836516638104e-12 1.162322468679851881e-02 1.525313113295609546e-09 2.031260934574567745e-02 9.103520722706128058e-11
2.933166278390045463e-03 1.100910367874283931e-12 1.970875301453362677e-02 5.370994432895230988e-12 1.203377840777589310e-02 1.456919904810297977e-09 2.084158698521160896e-02 8.940501189779167093e-11
3.107866187782013824e-03 9.287599042101337537e-13 2.024054078944220736e-02 5.291649088995477372e-12 1.245883364295008108e-02 1.388834006801029452e-09 2.138434017356406758e-02 8.765681935374196972e-11
3.292971255097151308e-03 7.833709470665566976e-13 2.078667742941258875e-02 5.209440430846439775e-12 1.289890261253308010e-02 1.321367008419993085e-09 2.194122765138668482e-02 8.579694587255080131e-11
3.489101213406773684e-03 6.606159583935322866e-13 2.134755010003655876e-02 5.124676266387890438e-12 1.335451562929898701e-02 1.254804470199279294e-09 2.251261750152655852e-02 8.383787474204669800e-11
3.696912707195028347e-03 5.569972402829714917e-13 2.192355641352966220e-02 5.037652715872453725e-12 1.382622173764654940e-02 1.189404569912029276e-09 2.309888739238384614e-02 8.179198663320764308e-11
3.917101490809260511e-03 4.695522316735373037e-13 2.251510471060539850e-02 4.948653482696202630e-12 1.431458937523478504e-02 1.125397325427745266e-09 2.370042482753724825e-02 7.967145782277430116e-11
4.150404757850476717e-03 3.957727508041243273e-13 2.312261434995483908e-02 4.857949257711473137e-12 1.482020705798858633e-02 1.062984347834214638e-09 2.431762740187003516e-02 7.748816963717331454e-11
4.397603609302721053e-03 3.335361916723912304e-13 2.374651600553720140e-02 4.765797250618558813e-12 1.534368408930011571e-02 1.002339069803415221e-09 2.495090306436623454e-02 7.525362926505356742e-11
4.659525668664682083e-03 2.810469540342654718e-13 2.438725197189201346e-02 4.672440842632020684e-12 1.588565129428052766e-02 9.436073889045458622e-10 2.560067038775032042e-02 7.297890187552141766e-11
4.937047852839003374e-03 2.367866236774769535e-13 2.504527647768918855e-02 4.578109355206141688e-12 1.644676177994662883e-02 8.869086630119305818e-10 2.626735884514903516e-02 7.067455379687876176e-11
5.231099308056263129e-03 1.994716264531438474e-13 2.572105600773956502e-02 4.483017930121607538e-12 1.702769172225899671e-02 8.323369947531493451e-10 2.695140909395775039e-02 6.835060635668024400e-11
5.542664520663107344e-03 1.680172592581658459e-13 2.641506963369387798e-02 4.387367516627309646e-12 1.762914118095948099e-02 7.799627436949391454e-10 2.765327326709948047e-02 6.601649985775992590e-11
5.872786613189483196e-03 1.415071569704720861e-13 2.712780935366492299e-02 4.291344961552910718e-12 1.825183494319042310e-02 7.298342082652773403e-10 2.837341527186857185e-02 6.368106706542725497e-11
6.222570836730231293e-03 1.191673891187132118e-13 2.785978044101334108e-02 4.195123198328216112e-12 1.889652339691209534e-02 6.819794238688180830e-10 2.911231109655706972e-02 6.135251550664901490e-11
6.593188271333548338e-03 1.003444964141161702e-13 2.861150180254455958e-02 4.098861530647026572e-12 1.956398343517062877e-02 6.364080289074641795e-10 2.987044912506594749e-02 5.903841783070201843e-11
6.985879746785249485e-03 8.448687751596867663e-14 2.938350634637074132e-02 4.002706006095001714e-12 2.025501939230666543e-02 5.931131561466403757e-10 3.064833045970966063e-02 5.674570945021493875e-11
7.401959996915644276e-03 7.112902262277810127e-14 3.017634135969834985e-02 3.906789874437217578e-12 2.097046401323232959e-02 5.520733127951145283e-10 3.144646925242683411e-02 5.448069266928432626e-11
7.842822061337682490e-03 5.987816452284223614e-14 3.099056889680950125e-02 3.811234124460410928e-12 2.171117945694503101e-02 5.132542185639760360e-10 3.226539304461659152e-02 5.224904650895805846e-11
8.309941949353395751e-03 5.040298122855956504e-14 3.182676617751175469e-02 3.716148092330541088e-12 2.247805833548725124e-02 4.766105766587075924e-10 3.310564311582453456e-02 5.005584145736482977e-11
8.804883581643463755e-03 4.242403868906126897e-14 3.268552599633912231e-02 3.621630133410101858e-12 2.327202478960407189e-02 4.420877580013906264e-10 3.396777484150943077e-02 4.790555839974042763e-11
9.329304026284686302e-03 3.570570857833786337e-14 3.356745714279429915e-02 3.527768348442726957e-12 2.409403560239524456e-02 4.096233838827783921e-10 3.485235806012654952e-02 4.580211102032696510e-11
9.884959046625585791e-03 3.004933588420560212e-14 3.447318483292983321e-02 3.434641354018505178e-12 2.494508135230316670e-02 3.791487966462966662e-10 3.575997744977079534e-02 4.374887101150738623e-11
1.047370897959450792e-02 2.528746492836800694e-14 3.540335115257457754e-02 3.342319086346227760e-12 2.582618760682674902e-02 3.505904118774572052e-10 3.669123291462798170e-02 4.174869547371953918e-11
1.109752496412072173e-02 2.127896135483209284e-14 3.635861551251917678e-02 3.250863626638328760e-12 2.673841615839946811e-02 3.238709489066103141e-10 3.764673998149037359e-02 3.980395594098477019e-11
1.175849554052158137e-02 1.790489224751080555e-14 3.733965511598372200e-02 3.160330035913463694e-12 2.768286630392063907e-02 2.989105392429656281e-10 3.862713020659788721e-02 3.791656851983719645e-11
1.245883364295008108e-02 1.506504749511917971e-14 3.834716543869870486e-02 3.070767186782647650e-12 2.866067616948250046e-02 2.756277148701284190e-10 3.963305159307447395e-02 3.608802468279503931e-11
1.320088400831419435e-02 1.267500334441722788e-14 3.938186072193952669e-02 2.982218579837648051e-12 2.967302408188869645e-02 2.539402801847980531e-10 4.066516901923504512e-02 3.431942231023511618e-11
1.398713102647238665e-02 1.066364422927187575e-14 4.044447447886449082e-02 2.894723132620504988e-12 3.072112998861755914e-02 2.337660727935493796e-10 4.172416467804654361e-02 3.261149662576078463e-11
1.482020705798860020e-02 8.971071826125253793e-15 4.153576001451465827e-02 2.808315929821921309e-12 3.180625692794119413e-02 2.150236194442768454e-10 4.281073852803315982e-02 3.096465071921749472e-11
1.570290124729377401e-02 7.546841203636059454e-15 4.265649095984471589e-02 2.723028924320145733e-12 3.292971255097148359e-02 1.976326941061293514e-10 4.392560875592417535e-02 2.937898539789282401e-11
1.663816886076130777e-02 6.348473194413316858e-15 4.380746182016327650e-02 2.638891579904229833e-12 3.409285069746811198e-02 1.815147856711270881e-10 4.506951225134976646e-02 2.785432814976824914e-11
1.762914118095948099e-02 5.340199967124722978e-15 4.498948853837104328e-02 2.555931447987569357e-12 3.529707302730650254e-02 1.665934829765418469e-10 4.624320509389900219e-02 2.639026104271831541e-11
1.867913599020784576e-02 4.491907429039540277e-15 4.620340907339690745e-02 2.474174672260828985e-12 3.654383070957254592e-02 1.527947848806688692e-10 4.744746305286147436e-02 2.498614742014261192e-11
1.979166867853557332e-02 3.778243722574427604e-15 4.745008399424115869e-02 2.393646417003361039e-12 3.783462617131928829e-02 1.400473430035147629e-10 4.868308209998340602e-02 2.364115728661310391e-11
2.097046401323235040e-02 3.177867848389451417e-15 4.873039709004760300e-02 2.314371216609189184e-12 3.917101490809256348e-02 1.282826445016868217e-10 4.995087893557652314e-02 2.235429130675390184e-11
2.221946860939523830e-02 2.672816483019815313e-15 5.004525599663686014e-02 2.236373245727897237e-12 4.055460735840827474e-02 1.174351419129244392e-10 5.125169152832814712e-02 2.112440336682241842e-11
2.354286414322420348e-02 2.247970472413964104e-15 5.139559283994485361e-02 2.159676511213517203e-12 4.198707084443910331e-02 1.074423367057817478e-10 5.258637966916857726e-02 1.995022167146941133e-11
2.494508135230316670e-02 1.890605368912371649e-15 5.278236489682263527e-02 2.084304968761335116e-12 4.347013158125021676e-02 9.824482272556924826e-11 5.395582553956251859e-02 1.883036836808131407e-11
2.643081486974108163e-02 1.590012818736997068e-15 5.420655527366660675e-02 2.010282568645512974e-12 4.500557675700497806e-02 8.978629525694712131e-11 5.536093429459951198e-02 1.776337770815288283e-11
2.800503894183630979e-02 1.337181668419084942e-15 5.566917360335927462e-02 1.937633236309645442e-12 4.659525668664677572e-02 8.201353094135712012e-11 5.680263466126953681e-02 1.674771276950603673e-11
2.967302408188872420e-02 1.124529399871270978e-15 5.717125676101508791e-02 1.866380794676766033e-12 4.824108704165368938e-02 7.487634330572337564e-11 5.828187955231832473e-02 1.578178077508636350e-11
3.144035471591499764e-02 9.456759742935288623e-16 5.871386959903923675e-02 1.796548835914357157e-12 4.994505115855139843e-02 6.832751818696961144e-11 5.979964669608909406e-02 1.486394705375263390e-11
3.331294787934677148e-02 7.952534065711853416e-16 6.029810570201947495e-02 1.728160551002707585e-12 5.170920242896755170e-02 6.232273288199081293e-11 6.135693928276604592e-02 1.399254769615173332e-11
3.529707302730650254e-02 6.687454396853745650e-16 6.192508816198707966e-02 1.661238525810180450e-12 5.353566677410724617e-02 5.682046242009257188e-11 6.295478662744750931e-02 1.316590096465440162e-11
3.739937302478801850e-02 5.623525728932446834e-16 6.359597037459566171e-02 1.595804512484844688e-12 5.542664520663101446e-02 5.178187594819323717e-11 6.459424485048688436e-02 1.238231752062807528e-11
3.962688638701478139e-02 4.728784434366761716e-16 6.531193685678346461e-02 1.531879184843962703e-12 5.738441648302392700e-02 4.717072584060714535e-11 6.627639757555035815e-02 1.164010953523664513e-11
4.198707084443914495e-02 3.976341907814315113e-16 6.707420408649743260e-02 1.469481886103701348e-12 5.941133984965033671e-02 4.295323179624892551e-11 6.800235664585384254e-02 1.093759875166723730e-11
4.448782831127585241e-02 3.343579630461582294e-16 6.888402136507504325e-02 1.408630376768364163e-12 6.150985788580497909e-02 3.909796186695827268e-11 6.977326285905179060e-02 1.027312356736571889e-11
4.713753134116728527e-02 2.811471727156199027e-16 7.074267170289573470e-02 1.349340589822763267e-12 6.368249944718586131e-02 3.557571207106646747e-11 7.159028672126416248e-02 9.645045204669296869e-12
4.994505115855139843e-02 2.364014859315786959e-16 7.265147272892868990e-02 1.291626399576154716e-12 6.593188271333541572e-02 3.235938598544720431e-11 7.345462922073905943e-02 9.051753037302701080e-12
5.291978735958447616e-02 1.987748475919928551e-16 7.461177762482225362e-02 1.235499409625057041e-12 6.826071834272386119e-02 2.942387547590389095e-11 7.536752262166347693e-02 8.491669138680893031e-12
5.607169938205457810e-02 1.671351124343231710e-16 7.662497608419804873e-02 1.180968764468464138e-12 7.067181273927491958e-02 2.674594351835490740e-11 7.733023127864614710e-02 7.963252115954369679e-12
5.941133984965039916e-02 1.405300780596948634e-16 7.869249529782812447e-02 1.128040988353639560e-12 7.316807143427192517e-02 2.430410988019231070e-11 7.934405247241126113e-02 7.465000291344023783e-12
6.294988990221887792e-02 1.181589060815626225e-16 8.081580096539507652e-02 1.076719853982159141e-12 7.575250258771912271e-02 2.207854027064816514e-11 8.141031726725450612e-02 6.995454289632622773e-12
6.669919663030128565e-02 9.934807783297031495e-17 8.299639833455127458e-02 1.027006282789410542e-12 7.842822061337681450e-02 2.005093942916560710e-11 8.353039139082964193e-02 6.553199087787839329e-12
7.067181273927491958e-02 8.353116604859963046e-17 8.523583326801505156e-02 9.788982776473424901e-13 8.119844993184008319e-02 1.820444849982247119e-11 8.570567613684587638e-02 6.136865579657293574e-12
7.488103857590031054e-02 7.023181762285213384e-17 8.753569333945904196e-02 9.323908880470488458e-13 8.406652885618325077e-02 1.652354693601568019e-11 8.793760929127318604e-02 5.745131705555856680e-12
7.934096665797492343e-02 5.904943828353335358e-17 8.989760895896790893e-02 8.874762071075043773e-13 8.703591361485156497e-02 1.499395909116281829e-11 9.022766608266806487e-02 5.376723193411352500e-12
8.406652885618333404e-02 4.964715063684052946e-17 9.232325452886452899e-02 8.441433991382331198e-13 9.011018251665019185e-02 1.360256557648652165e-11 9.257736015724679635e-02 5.030413954987403136e-12
8.907354638610440190e-02 4.174166491619803383e-17 9.481434963072193911e-02 8.023787559620126561e-13 9.329304026284686302e-02 1.233731940449154856e-11 9.498824457935210741e-02 4.705026177596280442e-12
9.437878277775391123e-02 3.509475891253337606e-17 9.737266024440435763e-02 7.621657797801052626e-13 9.658832241158699095e-02 1.118716688509082243e-11 9.746191285797339843e-02 4.399430148678986555e-12
1.000000000000000056e-01 2.950611166986822930e-17 1.000000000000000056e-01 7.234852900357740542e-13 1.000000000000000056e-01 1.014197319918291366e-11 1.000000000000000056e-01 4.112543847686117297e-12
