#1:r  2:H   3:Rho0    4:RhoMean 5:S   6:Tc  7:Te  8:Vr  9:Vphi   10:tauR	11:x	12:s_e	13:B_r	14:B_phi	15:B_z
0.100	0.0025	1.82e-07	1.56e-07	11576.31	1506.20	399.13	-0.6	9411180	0.00e+00	8.86e-11	1.29e+06 1.78e-02	8.64e+01	6.01e+01
0.102	0.0026	1.71e-07	1.46e-07	11226.43	1504.20	392.21	-0.6	9311264	0.00e+00	8.87e-11	1.29e+06 1.80e-02	8.47e+01	5.83e+01
0.104	0.0026	1.61e-07	1.38e-07	10887.83	1502.10	385.43	-0.6	9212408	0.00e+00	8.87e-11	1.29e+06 1.82e-02	8.31e+01	5.65e+01
0.107	0.0027	1.51e-07	1.29e-07	10558.80	1500.00	378.68	-0.6	9114601	0.00e+00	8.87e-11	1.30e+06 1.84e-02	8.14e+01	5.48e+01
0.109	0.0028	1.42e-07	1.21e-07	10240.37	1498.00	372.08	-0.6	9017833	0.00e+00	8.88e-11	1.30e+06 1.85e-02	7.98e+01	5.31e+01
0.111	0.0029	1.33e-07	1.14e-07	9931.57	1495.81	365.60	-0.6	8922092	0.00e+00	8.87e-11	1.30e+06 1.87e-02	7.82e+01	5.15e+01
0.114	0.0030	1.25e-07	1.07e-07	9632.72	1493.71	359.24	-0.6	8827368	0.00e+00	8.87e-11	1.30e+06 1.88e-02	7.66e+01	5.00e+01
0.116	0.0031	1.18e-07	1.01e-07	9342.28	1491.52	352.94	-0.6	8733650	0.00e+00	8.85e-11	1.30e+06 1.90e-02	7.50e+01	4.85e+01
0.119	0.0032	1.11e-07	9.48e-08	9061.20	1489.42	346.77	-0.6	8640926	0.00e+00	8.84e-11	1.30e+06 1.91e-02	7.35e+01	4.70e+01
0.121	0.0033	1.04e-07	8.92e-08	8788.59	1487.22	340.70	-0.6	8549187	0.00e+00	8.82e-11	1.30e+06 1.92e-02	7.19e+01	4.56e+01
0.124	0.0034	9.80e-08	8.38e-08	8524.75	1484.94	334.81	-0.6	8458422	0.00e+00	8.79e-11	1.29e+06 1.93e-02	7.04e+01	4.42e+01
0.126	0.0035	9.21e-08	7.88e-08	8268.32	1482.74	328.93	-0.6	8368620	0.00e+00	8.77e-11	1.29e+06 1.94e-02	6.88e+01	4.29e+01
0.129	0.0036	8.66e-08	7.41e-08	8020.13	1480.45	323.21	-0.6	8279772	0.00e+00	8.74e-11	1.29e+06 1.95e-02	6.73e+01	4.16e+01
0.132	0.0037	8.14e-08	6.96e-08	7779.42	1478.16	317.59	-0.7	8191867	0.00e+00	8.70e-11	1.28e+06 1.96e-02	6.59e+01	4.04e+01
0.135	0.0038	7.65e-08	6.55e-08	7545.95	1475.88	312.05	-0.7	8104896	0.00e+00	8.66e-11	1.28e+06 1.96e-02	6.44e+01	3.92e+01
0.138	0.0040	7.19e-08	6.16e-08	7319.50	1473.68	306.63	-0.7	8018847	0.00e+00	8.64e-11	1.28e+06 1.97e-02	6.30e+01	3.80e+01
0.141	0.0041	6.76e-08	5.79e-08	7099.40	1471.39	301.19	-0.7	7933713	0.00e+00	8.60e-11	1.27e+06 1.98e-02	6.16e+01	3.68e+01
0.144	0.0042	6.36e-08	5.44e-08	6886.39	1469.10	295.93	-0.7	7849482	0.00e+00	8.56e-11	1.27e+06 1.98e-02	6.02e+01	3.57e+01
0.147	0.0044	5.98e-08	5.12e-08	6679.78	1466.82	290.75	-0.7	7766146	0.00e+00	8.53e-11	1.26e+06 1.98e-02	5.88e+01	3.47e+01
0.150	0.0045	5.62e-08	4.81e-08	6479.39	1464.53	285.68	-0.7	7683694	0.00e+00	8.49e-11	1.26e+06 1.98e-02	5.75e+01	3.36e+01
0.153	0.0046	5.28e-08	4.52e-08	6285.02	1462.24	280.65	-0.7	7602117	0.00e+00	8.44e-11	1.25e+06 1.99e-02	5.61e+01	3.26e+01
0.157	0.0048	4.97e-08	4.25e-08	6096.50	1459.95	275.74	-0.7	7521407	0.00e+00	8.40e-11	1.25e+06 1.99e-02	5.48e+01	3.16e+01
0.160	0.0049	4.67e-08	4.00e-08	5913.65	1457.66	270.91	-0.7	7441554	0.00e+00	8.36e-11	1.24e+06 1.99e-02	5.36e+01	3.07e+01
0.163	0.0051	4.39e-08	3.76e-08	5736.30	1455.37	266.16	-0.7	7362548	0.00e+00	8.32e-11	1.24e+06 1.98e-02	5.23e+01	2.98e+01
0.167	0.0053	4.13e-08	3.53e-08	5564.28	1453.08	261.52	-0.7	7284381	0.00e+00	8.27e-11	1.23e+06 1.98e-02	5.11e+01	2.89e+01
0.170	0.0054	3.88e-08	3.32e-08	5397.07	1450.79	256.89	-0.7	7207044	0.00e+00	8.23e-11	1.23e+06 1.98e-02	4.99e+01	2.80e+01
0.174	0.0056	3.65e-08	3.12e-08	5235.25	1448.60	252.39	-0.7	7130528	0.00e+00	8.20e-11	1.23e+06 1.97e-02	4.87e+01	2.72e+01
0.178	0.0058	3.43e-08	2.94e-08	5078.63	1446.31	247.97	-0.7	7054825	0.00e+00	8.15e-11	1.22e+06 1.97e-02	4.76e+01	2.64e+01
0.182	0.0059	3.23e-08	2.76e-08	4930.94	1442.59	244.54	-0.7	6979925	0.00e+00	7.92e-11	1.19e+06 1.91e-02	4.64e+01	2.56e+01
0.186	0.0061	3.05e-08	2.61e-08	4791.07	1438.02	241.79	-0.8	6905820	0.00e+00	7.57e-11	1.14e+06 1.84e-02	4.51e+01	2.49e+01
0.190	0.0063	2.87e-08	2.46e-08	4654.59	1433.44	238.99	-0.8	6832503	0.00e+00	7.25e-11	1.09e+06 1.76e-02	4.39e+01	2.42e+01
0.194	0.0065	2.70e-08	2.31e-08	4522.35	1428.96	236.28	-0.8	6759963	0.00e+00	6.94e-11	1.05e+06 1.69e-02	4.27e+01	2.35e+01
0.198	0.0067	2.55e-08	2.18e-08	4393.62	1424.47	233.58	-0.8	6688194	0.00e+00	6.64e-11	1.00e+06 1.62e-02	4.16e+01	2.28e+01
0.202	0.0069	2.40e-08	2.05e-08	4268.02	1420.09	230.81	-0.8	6617187	0.00e+00	6.36e-11	9.64e+05 1.55e-02	4.05e+01	2.21e+01
0.207	0.0071	2.26e-08	1.94e-08	4146.89	1415.51	227.79	-0.8	6546933	0.00e+00	6.08e-11	9.23e+05 1.47e-02	3.92e+01	2.13e+01
0.211	0.0074	2.14e-08	1.83e-08	4031.96	1409.98	223.58	-0.8	6477425	0.00e+00	5.70e-11	8.68e+05 1.33e-02	3.71e+01	1.98e+01
0.216	0.0076	2.01e-08	1.72e-08	3920.28	1404.45	219.41	-0.8	6408656	0.00e+00	5.35e-11	8.17e+05 1.20e-02	3.51e+01	1.83e+01
0.220	0.0078	1.90e-08	1.63e-08	3811.49	1399.01	215.28	-0.8	6340616	0.00e+00	5.02e-11	7.69e+05 1.09e-02	3.33e+01	1.70e+01
0.225	0.0080	1.79e-08	1.53e-08	3705.77	1393.58	211.21	-0.8	6273299	0.00e+00	4.71e-11	7.23e+05 9.84e-03	3.15e+01	1.57e+01
0.230	0.0083	1.69e-08	1.45e-08	3602.80	1388.23	207.20	-0.8	6206697	0.00e+00	4.43e-11	6.81e+05 8.91e-03	2.98e+01	1.46e+01
0.235	0.0085	1.60e-08	1.37e-08	3502.49	1382.99	203.25	-0.8	6140801	0.00e+00	4.16e-11	6.42e+05 8.08e-03	2.82e+01	1.35e+01
0.240	0.0081	1.93e-08	1.65e-08	4020.31	1166.89	140.24	-0.7	6075605	0.00e+00	4.42e-13	7.66e+03 1.11e-05	1.66e-01	1.58e+00
0.245	0.0083	1.89e-08	1.61e-08	3999.52	1135.99	137.77	-0.7	6011102	0.00e+00	2.07e-13	3.64e+03 3.54e-06	5.32e-02	1.06e+00
0.250	0.0084	1.84e-08	1.57e-08	3972.53	1107.57	135.55	-0.7	5947283	0.00e+00	9.91e-14	1.78e+03 1.18e-06	1.76e-02	7.14e-01
0.256	0.0086	1.79e-08	1.53e-08	3944.12	1080.39	133.41	-0.7	5884142	0.00e+00	4.74e-14	8.65e+02 3.89e-07	5.83e-03	4.83e-01
0.261	0.0088	1.74e-08	1.49e-08	3915.55	1054.07	131.31	-0.7	5821671	0.00e+00	2.24e-14	4.15e+02 1.26e-07	1.89e-03	3.24e-01
0.267	0.0089	1.69e-08	1.45e-08	3886.39	1028.42	129.25	-0.6	5759863	0.00e+00	1.04e-14	1.96e+02 3.99e-08	5.98e-04	2.16e-01
0.273	0.0091	1.65e-08	1.41e-08	3857.27	1003.53	127.22	-0.6	5698712	0.00e+00	4.77e-15	9.14e+01 1.24e-08	1.86e-04	1.43e-01
0.279	0.0093	1.60e-08	1.37e-08	3828.48	979.31	125.23	-0.6	5638210	0.00e+00	2.16e-15	4.21e+01 3.78e-09	5.67e-05	9.38e-02
0.285	0.0095	1.56e-08	1.34e-08	3799.21	955.75	123.27	-0.6	5578350	0.00e+00	9.72e-16	1.93e+01 1.15e-09	1.72e-05	6.14e-02
0.291	0.0097	1.52e-08	1.30e-08	3769.66	932.89	121.34	-0.6	5519126	0.00e+00	4.42e-16	8.92e+00 3.59e-10	5.38e-06	4.05e-02
0.297	0.0099	1.48e-08	1.26e-08	3740.14	910.62	119.45	-0.6	5460530	0.00e+00	2.11e-16	4.32e+00 1.23e-10	1.84e-06	2.73e-02
0.303	0.0101	1.44e-08	1.23e-08	3710.49	888.92	117.58	-0.6	5402557	0.00e+00	1.14e-16	2.38e+00 5.34e-11	8.01e-07	1.96e-02
0.310	0.0103	1.40e-08	1.19e-08	3680.42	867.99	115.75	-0.6	5345199	0.00e+00	8.08e-17	1.71e+00 3.53e-11	5.29e-07	1.61e-02
0.317	0.0105	1.36e-08	1.16e-08	3650.26	847.58	113.95	-0.6	5288450	0.00e+00	7.34e-17	1.58e+00 3.22e-11	4.84e-07	1.50e-02
0.323	0.0107	1.32e-08	1.13e-08	3620.15	827.65	112.17	-0.6	5232303	0.00e+00	7.37e-17	1.61e+00 3.29e-11	4.93e-07	1.46e-02
0.330	0.0109	1.28e-08	1.10e-08	3589.40	808.48	110.43	-0.6	5176753	0.00e+00	7.55e-17	1.68e+00 3.43e-11	5.15e-07	1.45e-02
0.338	0.0111	1.25e-08	1.07e-08	3558.77	789.74	108.71	-0.6	5121792	0.00e+00	7.77e-17	1.75e+00 3.59e-11	5.39e-07	1.43e-02
0.345	0.0114	1.21e-08	1.03e-08	3527.99	771.53	107.03	-0.6	5067415	0.00e+00	8.00e-17	1.83e+00 3.76e-11	5.64e-07	1.42e-02
0.352	0.0116	1.17e-08	1.00e-08	3496.56	753.93	105.37	-0.5	5013615	0.00e+00	8.24e-17	1.92e+00 3.95e-11	5.92e-07	1.40e-02
0.360	0.0118	1.14e-08	9.76e-09	3465.26	736.72	103.74	-0.5	4960386	0.00e+00	8.48e-17	2.01e+00 4.14e-11	6.21e-07	1.39e-02
0.368	0.0121	1.10e-08	9.42e-09	3421.16	722.75	102.14	-0.5	4907723	0.00e+00	8.79e-17	2.11e+00 4.39e-11	6.58e-07	1.37e-02
0.376	0.0124	1.05e-08	8.95e-09	3341.79	716.60	100.55	-0.5	4855619	0.00e+00	9.25e-17	2.23e+00 4.79e-11	7.18e-07	1.35e-02
0.384	0.0128	9.94e-09	8.50e-09	3264.06	710.50	98.99	-0.5	4804067	0.00e+00	9.74e-17	2.36e+00 5.23e-11	7.84e-07	1.34e-02
0.392	0.0132	9.44e-09	8.08e-09	3188.37	704.49	97.45	-0.5	4753063	0.00e+00	1.02e-16	2.50e+00 5.72e-11	8.58e-07	1.32e-02
0.400	0.0135	8.97e-09	7.67e-09	3114.24	698.53	95.94	-0.5	4702601	0.00e+00	1.08e-16	2.65e+00 6.26e-11	9.39e-07	1.30e-02
0.409	0.0139	8.52e-09	7.29e-09	3041.85	692.61	94.45	-0.5	4652674	0.00e+00	1.14e-16	2.80e+00 6.87e-11	1.03e-06	1.28e-02
0.418	0.0143	8.09e-09	6.92e-09	2971.15	686.75	92.99	-0.5	4603278	0.00e+00	1.20e-16	2.97e+00 7.54e-11	1.13e-06	1.26e-02
0.427	0.0147	7.69e-09	6.58e-09	2902.10	680.93	91.55	-0.5	4554406	0.00e+00	1.26e-16	3.14e+00 8.29e-11	1.24e-06	1.25e-02
0.436	0.0151	7.33e-09	6.27e-09	2840.08	673.88	90.14	-0.5	4506052	0.00e+00	1.32e-16	3.32e+00 9.07e-11	1.36e-06	1.23e-02
0.445	0.0154	7.09e-09	6.07e-09	2809.01	659.86	88.76	-0.5	4458212	0.00e+00	1.36e-16	3.48e+00 9.62e-11	1.44e-06	1.22e-02
0.455	0.0158	6.86e-09	5.87e-09	2778.11	646.17	87.41	-0.5	4410880	0.00e+00	1.41e-16	3.64e+00 1.02e-10	1.53e-06	1.20e-02
0.465	0.0161	6.64e-09	5.68e-09	2747.53	632.77	86.08	-0.5	4364051	0.00e+00	1.46e-16	3.82e+00 1.08e-10	1.62e-06	1.19e-02
0.475	0.0165	6.43e-09	5.50e-09	2718.30	619.42	84.77	-0.5	4317718	0.00e+00	1.50e-16	4.00e+00 1.15e-10	1.72e-06	1.18e-02
0.485	0.0168	6.23e-09	5.33e-09	2689.58	606.31	83.49	-0.5	4271878	0.00e+00	1.55e-16	4.19e+00 1.22e-10	1.82e-06	1.16e-02
0.496	0.0172	6.03e-09	5.16e-09	2660.90	593.53	82.23	-0.5	4226524	0.00e+00	1.60e-16	4.39e+00 1.29e-10	1.93e-06	1.15e-02
0.506	0.0176	5.84e-09	5.00e-09	2632.02	581.08	80.99	-0.5	4181652	0.00e+00	1.66e-16	4.60e+00 1.37e-10	2.05e-06	1.14e-02
0.517	0.0179	5.66e-09	4.84e-09	2603.12	569.02	79.78	-0.5	4137256	0.00e+00	1.71e-16	4.82e+00 1.45e-10	2.18e-06	1.13e-02
0.528	0.0183	5.47e-09	4.68e-09	2574.58	557.24	78.58	-0.5	4093332	0.00e+00	1.77e-16	5.05e+00 1.54e-10	2.32e-06	1.12e-02
0.540	0.0187	5.30e-09	4.53e-09	2545.95	545.75	77.41	-0.5	4049874	0.00e+00	1.83e-16	5.29e+00 1.64e-10	2.46e-06	1.10e-02
0.551	0.0191	5.12e-09	4.38e-09	2516.96	534.64	76.25	-0.5	4006877	0.00e+00	1.89e-16	5.55e+00 1.75e-10	2.62e-06	1.09e-02
0.563	0.0196	4.96e-09	4.24e-09	2488.24	523.77	75.12	-0.5	3964336	0.00e+00	1.95e-16	5.81e+00 1.86e-10	2.79e-06	1.08e-02
0.576	0.0200	4.79e-09	4.10e-09	2459.76	513.14	74.01	-0.5	3922248	0.00e+00	2.02e-16	6.09e+00 1.98e-10	2.97e-06	1.07e-02
0.588	0.0204	4.64e-09	3.97e-09	2430.81	502.88	72.92	-0.5	3880606	0.00e+00	2.09e-16	6.39e+00 2.11e-10	3.17e-06	1.06e-02
0.601	0.0209	4.48e-09	3.83e-09	2402.04	492.87	71.85	-0.5	3839406	0.00e+00	2.16e-16	6.70e+00 2.26e-10	3.38e-06	1.05e-02
0.614	0.0213	4.33e-09	3.71e-09	2373.65	483.05	70.80	-0.5	3798644	0.00e+00	2.23e-16	7.02e+00 2.41e-10	3.61e-06	1.03e-02
0.627	0.0218	4.19e-09	3.58e-09	2345.08	473.52	69.76	-0.5	3758315	0.00e+00	2.31e-16	7.37e+00 2.57e-10	3.86e-06	1.02e-02
0.640	0.0223	4.04e-09	3.46e-09	2316.43	464.27	68.75	-0.5	3718413	0.00e+00	2.39e-16	7.73e+00 2.75e-10	4.13e-06	1.01e-02
0.654	0.0228	3.91e-09	3.34e-09	2288.08	455.21	67.76	-0.4	3678936	0.00e+00	2.48e-16	8.10e+00 2.94e-10	4.41e-06	1.00e-02
0.668	0.0233	3.77e-09	3.23e-09	2258.80	446.58	66.78	-0.4	3639877	0.00e+00	2.57e-16	8.50e+00 3.15e-10	4.73e-06	9.89e-03
0.683	0.0240	3.56e-09	3.05e-09	2198.54	444.34	65.79	-0.4	3601233	0.00e+00	2.72e-16	9.03e+00 3.56e-10	5.34e-06	9.75e-03
0.697	0.0247	3.37e-09	2.88e-09	2139.93	442.13	64.82	-0.4	3562999	0.00e+00	2.87e-16	9.59e+00 4.02e-10	6.03e-06	9.61e-03
0.713	0.0255	3.18e-09	2.72e-09	2082.94	439.93	63.87	-0.5	3525172	0.00e+00	3.04e-16	1.02e+01 4.54e-10	6.81e-06	9.47e-03
0.728	0.0263	3.01e-09	2.57e-09	2027.41	437.74	62.93	-0.5	3487746	0.00e+00	3.22e-16	1.08e+01 5.13e-10	7.70e-06	9.33e-03
0.744	0.0270	2.84e-09	2.43e-09	1973.30	435.57	62.01	-0.5	3450717	0.00e+00	3.41e-16	1.15e+01 5.81e-10	8.71e-06	9.19e-03
0.760	0.0279	2.69e-09	2.30e-09	1920.57	433.42	61.11	-0.5	3414081	0.00e+00	3.61e-16	1.22e+01 6.57e-10	9.86e-06	9.06e-03
0.776	0.0287	2.54e-09	2.17e-09	1869.30	431.28	60.22	-0.5	3377834	0.00e+00	3.82e-16	1.30e+01 7.45e-10	1.12e-05	8.93e-03
0.793	0.0295	2.40e-09	2.05e-09	1819.35	429.16	59.35	-0.5	3341973	0.00e+00	4.05e-16	1.38e+01 8.44e-10	1.27e-05	8.80e-03
0.810	0.0304	2.27e-09	1.94e-09	1770.77	427.03	58.49	-0.5	3306491	0.00e+00	4.29e-16	1.46e+01 9.56e-10	1.43e-05	8.68e-03
0.827	0.0313	2.14e-09	1.83e-09	1723.43	424.94	57.64	-0.5	3271387	0.00e+00	4.54e-16	1.56e+01 1.08e-09	1.63e-05	8.55e-03
0.845	0.0323	2.02e-09	1.73e-09	1677.40	422.84	56.82	-0.5	3236655	0.00e+00	4.81e-16	1.65e+01 1.23e-09	1.84e-05	8.43e-03
0.863	0.0333	1.91e-09	1.64e-09	1632.46	420.79	56.00	-0.5	3202292	0.00e+00	5.10e-16	1.76e+01 1.39e-09	2.09e-05	8.32e-03
0.882	0.0343	1.81e-09	1.55e-09	1588.84	418.71	55.20	-0.5	3168294	0.00e+00	5.41e-16	1.87e+01 1.58e-09	2.37e-05	8.20e-03
0.901	0.0353	1.71e-09	1.46e-09	1547.59	416.33	54.42	-0.5	3134657	0.00e+00	5.73e-16	1.99e+01 1.79e-09	2.68e-05	8.09e-03
0.921	0.0361	1.64e-09	1.40e-09	1521.47	410.13	53.67	-0.5	3101377	0.00e+00	5.98e-16	2.10e+01 1.95e-09	2.92e-05	8.00e-03
0.940	0.0370	1.57e-09	1.35e-09	1495.78	404.03	52.94	-0.5	3068450	0.00e+00	6.25e-16	2.21e+01 2.13e-09	3.19e-05	7.91e-03
0.961	0.0380	1.51e-09	1.29e-09	1470.34	398.07	52.23	-0.5	3035873	0.00e+00	5.89e-16	2.11e+01 1.99e-09	2.99e-05	7.43e-03
0.981	0.0389	1.45e-09	1.24e-09	1445.29	392.20	51.53	-0.5	3003642	0.00e+00	4.75e-16	1.72e+01 1.47e-09	2.21e-05	6.45e-03
1.003	0.0398	1.39e-09	1.19e-09	1423.19	385.74	50.84	-0.5	2971753	0.00e+00	3.95e-16	1.44e+01 1.14e-09	1.71e-05	5.71e-03
1.024	0.0408	1.34e-09	1.15e-09	1404.47	378.56	50.18	-0.5	2940202	0.00e+00	3.36e-16	1.24e+01 9.08e-10	1.36e-05	5.11e-03
1.046	0.0417	1.30e-09	1.11e-09	1385.87	371.55	49.53	-0.5	2908986	0.00e+00	2.96e-16	1.11e+01 7.64e-10	1.15e-05	4.66e-03
1.069	0.0426	1.25e-09	1.07e-09	1367.29	364.71	48.90	-0.5	2878102	0.00e+00	2.68e-16	1.02e+01 6.69e-10	1.00e-05	4.30e-03
1.092	0.0436	1.20e-09	1.03e-09	1349.07	358.01	48.28	-0.5	2847546	0.00e+00	2.47e-16	9.51e+00 6.03e-10	9.04e-06	4.01e-03
1.116	0.0446	1.16e-09	9.94e-10	1330.93	351.46	47.67	-0.5	2817314	0.00e+00	2.32e-16	9.02e+00 5.55e-10	8.33e-06	3.77e-03
1.140	0.0457	1.12e-09	9.58e-10	1312.86	345.04	47.08	-0.4	2787403	0.00e+00	2.20e-16	8.66e+00 5.21e-10	7.82e-06	3.57e-03
1.164	0.0467	1.08e-09	9.24e-10	1295.02	338.80	46.50	-0.4	2757810	0.00e+00	2.11e-16	8.41e+00 4.96e-10	7.45e-06	3.39e-03
1.189	0.0478	1.04e-09	8.91e-10	1277.40	332.62	45.93	-0.4	2728531	0.00e+00	2.04e-16	8.22e+00 4.78e-10	7.17e-06	3.24e-03
1.215	0.0489	1.00e-09	8.59e-10	1259.99	326.61	45.37	-0.4	2699562	0.00e+00	1.98e-16	8.09e+00 4.65e-10	6.98e-06	3.10e-03
1.241	0.0500	9.67e-10	8.28e-10	1242.60	320.75	44.83	-0.4	2670902	0.00e+00	1.94e-16	8.02e+00 4.57e-10	6.85e-06	2.97e-03
1.268	0.0512	9.32e-10	7.98e-10	1225.39	314.98	44.30	-0.4	2642545	0.00e+00	1.91e-16	7.98e+00 4.52e-10	6.78e-06	2.86e-03
1.295	0.0524	8.99e-10	7.69e-10	1208.54	309.30	43.78	-0.4	2614490	0.00e+00	1.89e-16	7.98e+00 4.49e-10	6.74e-06	2.76e-03
1.323	0.0536	8.66e-10	7.41e-10	1191.86	303.77	43.28	-0.4	2586732	0.00e+00	1.87e-16	8.02e+00 4.50e-10	6.75e-06	2.67e-03
1.352	0.0549	8.35e-10	7.14e-10	1175.24	298.36	42.78	-0.4	2559269	0.00e+00	1.86e-16	8.08e+00 4.53e-10	6.79e-06	2.59e-03
1.381	0.0562	8.03e-10	6.87e-10	1157.53	293.38	42.30	-0.4	2532098	0.00e+00	1.87e-16	8.21e+00 4.61e-10	6.92e-06	2.51e-03
1.411	0.0576	7.70e-10	6.59e-10	1138.17	288.97	41.82	-0.4	2505215	0.00e+00	1.90e-16	8.41e+00 4.77e-10	7.16e-06	2.45e-03
1.441	0.0590	7.39e-10	6.32e-10	1119.01	284.63	41.34	-0.4	2478618	0.00e+00	1.93e-16	8.64e+00 4.95e-10	7.43e-06	2.39e-03
1.472	0.0604	7.09e-10	6.07e-10	1100.15	280.41	40.88	-0.4	2452303	0.00e+00	1.97e-16	8.89e+00 5.16e-10	7.73e-06	2.33e-03
1.504	0.0620	6.80e-10	5.82e-10	1081.48	276.26	40.43	-0.4	2426267	0.00e+00	2.01e-16	9.17e+00 5.38e-10	8.07e-06	2.28e-03
1.537	0.0635	6.52e-10	5.58e-10	1062.81	272.26	39.99	-0.4	2400508	0.00e+00	2.06e-16	9.49e+00 5.64e-10	8.46e-06	2.23e-03
1.570	0.0651	6.25e-10	5.35e-10	1044.31	268.35	39.56	-0.4	2375022	0.00e+00	2.12e-16	9.84e+00 5.92e-10	8.88e-06	2.19e-03
1.604	0.0667	5.99e-10	5.13e-10	1026.08	264.51	39.14	-0.4	2349807	0.00e+00	2.18e-16	1.02e+01 6.23e-10	9.35e-06	2.15e-03
1.638	0.0684	5.74e-10	4.91e-10	1008.01	260.76	38.72	-0.4	2324859	0.00e+00	2.25e-16	1.07e+01 6.58e-10	9.87e-06	2.11e-03
1.673	0.0701	5.50e-10	4.71e-10	990.18	257.09	38.32	-0.4	2300177	0.00e+00	2.32e-16	1.11e+01 6.95e-10	1.04e-05	2.07e-03
1.710	0.0718	5.30e-10	4.53e-10	976.27	252.54	37.94	-0.4	2275756	0.00e+00	2.37e-16	1.15e+01 7.20e-10	1.08e-05	2.03e-03
1.746	0.0735	5.10e-10	4.37e-10	962.41	248.10	37.57	-0.4	2251595	0.00e+00	2.43e-16	1.19e+01 7.47e-10	1.12e-05	1.99e-03
1.784	0.0752	4.92e-10	4.21e-10	948.67	243.76	37.21	-0.4	2227690	0.00e+00	2.49e-16	1.23e+01 7.78e-10	1.17e-05	1.96e-03
1.823	0.0770	4.73e-10	4.05e-10	934.96	239.52	36.86	-0.4	2204039	0.00e+00	2.55e-16	1.28e+01 8.11e-10	1.22e-05	1.92e-03
1.862	0.0788	4.56e-10	3.90e-10	921.85	235.31	36.52	-0.4	2180639	0.00e+00	2.62e-16	1.33e+01 8.45e-10	1.27e-05	1.89e-03
1.902	0.0806	4.39e-10	3.76e-10	908.68	231.17	36.18	-0.4	2157488	0.00e+00	2.70e-16	1.38e+01 8.83e-10	1.32e-05	1.86e-03
1.943	0.0825	4.23e-10	3.62e-10	895.61	227.14	35.86	-0.4	2134582	0.00e+00	2.78e-16	1.44e+01 9.25e-10	1.39e-05	1.83e-03
1.985	0.0844	4.07e-10	3.48e-10	882.72	223.21	35.54	-0.4	2111920	0.00e+00	2.87e-16	1.51e+01 9.70e-10	1.45e-05	1.81e-03
2.028	0.0864	3.92e-10	3.36e-10	870.23	219.27	35.23	-0.4	2089498	0.00e+00	2.97e-16	1.58e+01 1.02e-09	1.53e-05	1.78e-03
2.072	0.0884	3.78e-10	3.23e-10	857.83	215.45	34.93	-0.4	2067314	0.00e+00	3.07e-16	1.65e+01 1.07e-09	1.60e-05	1.76e-03
2.116	0.0905	3.64e-10	3.11e-10	845.43	211.70	34.64	-0.4	2045366	0.00e+00	3.18e-16	1.73e+01 1.12e-09	1.69e-05	1.74e-03
2.162	0.0927	3.50e-10	3.00e-10	833.24	208.04	34.35	-0.4	2023650	0.00e+00	3.30e-16	1.82e+01 1.18e-09	1.78e-05	1.72e-03
2.209	0.0948	3.37e-10	2.89e-10	821.43	204.38	34.07	-0.4	2002166	0.00e+00	3.43e-16	1.91e+01 1.25e-09	1.87e-05	1.70e-03
2.256	0.0971	3.25e-10	2.78e-10	809.67	200.82	33.80	-0.4	1980909	0.00e+00	3.56e-16	2.00e+01 1.31e-09	1.97e-05	1.68e-03
2.305	0.0993	3.13e-10	2.68e-10	797.94	197.34	33.54	-0.4	1959878	0.00e+00	3.71e-16	2.11e+01 1.39e-09	2.08e-05	1.66e-03
2.355	0.1017	3.01e-10	2.58e-10	786.42	193.93	33.28	-0.4	1939070	0.00e+00	3.87e-16	2.22e+01 1.47e-09	2.20e-05	1.64e-03
2.406	0.1041	2.90e-10	2.48e-10	775.22	190.53	33.03	-0.4	1918484	0.00e+00	4.03e-16	2.34e+01 1.55e-09	2.33e-05	1.63e-03
2.458	0.1065	2.79e-10	2.39e-10	764.08	187.21	32.78	-0.4	1898116	0.00e+00	4.20e-16	2.47e+01 1.64e-09	2.46e-05	1.61e-03
2.511	0.1090	2.69e-10	2.30e-10	753.04	183.98	32.54	-0.4	1877964	0.00e+00	4.39e-16	2.61e+01 1.74e-09	2.61e-05	1.60e-03
2.565	0.1116	2.59e-10	2.22e-10	742.15	180.79	32.31	-0.4	1858026	0.00e+00	4.59e-16	2.76e+01 1.84e-09	2.76e-05	1.59e-03
2.620	0.1142	2.50e-10	2.14e-10	731.50	177.61	32.08	-0.3	1838299	0.00e+00	4.80e-16	2.92e+01 1.95e-09	2.93e-05	1.57e-03
2.677	0.1169	2.40e-10	2.06e-10	721.02	174.54	31.86	-0.3	1818782	0.00e+00	5.02e-16	3.09e+01 2.07e-09	3.11e-05	1.56e-03
2.734	0.1197	2.31e-10	1.98e-10	710.58	171.53	31.64	-0.3	1799473	0.00e+00	5.26e-16	3.28e+01 2.20e-09	3.30e-05	1.55e-03
2.793	0.1227	2.21e-10	1.89e-10	697.20	169.31	31.40	-0.3	1780368	0.00e+00	5.61e-16	3.52e+01 2.39e-09	3.58e-05	1.54e-03
2.854	0.1263	2.10e-10	1.79e-10	679.97	168.12	31.13	-0.3	1761466	0.00e+00	6.12e-16	3.86e+01 2.67e-09	4.00e-05	1.55e-03
2.915	0.1300	1.99e-10	1.70e-10	663.21	166.95	30.87	-0.3	1742765	0.00e+00	6.67e-16	4.23e+01 2.98e-09	4.47e-05	1.55e-03
2.978	0.1337	1.88e-10	1.61e-10	646.88	165.77	30.61	-0.3	1724262	0.00e+00	7.28e-16	4.64e+01 3.33e-09	4.99e-05	1.56e-03
3.042	0.1376	1.79e-10	1.53e-10	630.94	164.61	30.35	-0.3	1705956	0.00e+00	7.95e-16	5.09e+01 3.71e-09	5.57e-05	1.56e-03
3.108	0.1415	1.69e-10	1.45e-10	615.37	163.45	30.10	-0.4	1687844	0.00e+00	8.69e-16	5.59e+01 4.15e-09	6.22e-05	1.57e-03
3.175	0.1456	1.61e-10	1.37e-10	600.22	162.29	29.85	-0.4	1669925	0.00e+00	9.50e-16	6.13e+01 4.63e-09	6.94e-05	1.57e-03
3.244	0.1498	1.52e-10	1.30e-10	585.44	161.15	29.61	-0.4	1652196	0.00e+00	1.04e-15	6.74e+01 5.16e-09	7.75e-05	1.58e-03
3.314	0.1542	1.44e-10	1.23e-10	571.00	160.02	29.37	-0.4	1634654	0.00e+00	1.14e-15	7.41e+01 5.76e-09	8.64e-05	1.58e-03
3.385	0.1586	1.37e-10	1.17e-10	556.95	158.88	29.13	-0.4	1617300	0.00e+00	1.24e-15	8.14e+01 6.42e-09	9.63e-05	1.59e-03
3.458	0.1631	1.30e-10	1.11e-10	544.05	157.52	28.90	-0.4	1600129	0.00e+00	1.35e-15	8.90e+01 7.11e-09	1.07e-04	1.59e-03
3.533	0.1676	1.24e-10	1.06e-10	531.85	156.06	28.69	-0.4	1583141	0.00e+00	1.47e-15	9.72e+01 7.84e-09	1.18e-04	1.60e-03
3.609	0.1723	1.18e-10	1.01e-10	519.90	154.62	28.48	-0.4	1566333	0.00e+00	1.59e-15	1.06e+02 8.65e-09	1.30e-04	1.60e-03
3.687	0.1770	1.12e-10	9.57e-11	508.18	153.20	28.26	-0.4	1549703	0.00e+00	1.73e-15	1.16e+02 9.54e-09	1.43e-04	1.60e-03
3.766	0.1820	1.06e-10	9.10e-11	496.68	151.80	28.06	-0.4	1533250	0.00e+00	1.88e-15	1.26e+02 1.05e-08	1.58e-04	1.61e-03
3.848	0.1870	1.01e-10	8.65e-11	485.42	150.43	27.85	-0.4	1516972	0.00e+00	2.04e-15	1.38e+02 1.16e-08	1.74e-04	1.61e-03
3.931	0.1922	9.62e-11	8.23e-11	474.71	148.99	27.65	-0.4	1500867	0.00e+00	2.22e-15	1.51e+02 1.28e-08	1.92e-04	1.62e-03
4.015	0.1975	9.15e-11	7.83e-11	463.94	147.62	27.46	-0.4	1484932	0.00e+00	2.42e-15	1.66e+02 1.42e-08	2.14e-04	1.62e-03
4.102	0.2023	8.80e-11	7.53e-11	456.81	145.21	27.30	-0.4	1469167	0.00e+00	2.58e-15	1.79e+02 1.54e-08	2.31e-04	1.63e-03
4.191	0.2072	8.46e-11	7.24e-11	449.76	142.85	27.15	-0.4	1453569	0.00e+00	2.75e-15	1.92e+02 1.67e-08	2.50e-04	1.63e-03
4.281	0.2122	8.13e-11	6.96e-11	442.77	140.53	27.00	-0.4	1438137	0.00e+00	2.93e-15	2.07e+02 1.80e-08	2.70e-04	1.63e-03
4.373	0.2173	7.81e-11	6.69e-11	435.79	138.24	26.86	-0.4	1422869	0.00e+00	3.12e-15	2.23e+02 1.95e-08	2.92e-04	1.63e-03
4.468	0.2225	7.51e-11	6.43e-11	429.01	135.97	26.72	-0.3	1407762	0.00e+00	3.33e-15	2.41e+02 2.11e-08	3.16e-04	1.63e-03
4.564	0.2279	7.22e-11	6.18e-11	422.38	133.77	26.57	-0.3	1392816	0.00e+00	3.54e-15	2.59e+02 2.27e-08	3.41e-04	1.63e-03
4.663	0.2334	6.94e-11	5.94e-11	415.85	131.61	26.44	-0.3	1378029	0.00e+00	3.77e-15	2.79e+02 2.46e-08	3.68e-04	1.63e-03
4.763	0.2390	6.67e-11	5.71e-11	409.34	129.49	26.30	-0.3	1363399	0.00e+00	4.02e-15	3.00e+02 2.65e-08	3.98e-04	1.63e-03
4.866	0.2448	6.41e-11	5.49e-11	403.00	127.39	26.17	-0.3	1348924	0.00e+00	4.28e-15	3.23e+02 2.86e-08	4.30e-04	1.63e-03
4.971	0.2507	6.17e-11	5.28e-11	396.76	125.33	26.03	-0.3	1334602	0.00e+00	4.56e-15	3.47e+02 3.09e-08	4.64e-04	1.63e-03
5.078	0.2568	5.93e-11	5.07e-11	390.54	123.29	25.90	-0.3	1320433	0.00e+00	4.85e-15	3.74e+02 3.34e-08	5.01e-04	1.63e-03
5.188	0.2630	5.70e-11	4.87e-11	384.44	121.31	25.77	-0.3	1306414	0.00e+00	5.17e-15	4.02e+02 3.60e-08	5.40e-04	1.62e-03
5.300	0.2693	5.47e-11	4.68e-11	378.38	119.33	25.65	-0.3	1292544	0.00e+00	5.50e-15	4.32e+02 3.89e-08	5.83e-04	1.62e-03
5.414	0.2758	5.26e-11	4.50e-11	372.53	117.41	25.52	-0.3	1278822	0.00e+00	5.85e-15	4.65e+02 4.19e-08	6.29e-04	1.62e-03
5.531	0.2825	5.06e-11	4.33e-11	366.71	115.51	25.40	-0.3	1265245	0.00e+00	6.22e-15	4.99e+02 4.52e-08	6.78e-04	1.62e-03
5.650	0.2893	4.86e-11	4.16e-11	361.02	113.66	25.28	-0.3	1251812	0.00e+00	6.62e-15	5.36e+02 4.87e-08	7.31e-04	1.62e-03
5.772	0.2963	4.67e-11	4.00e-11	355.31	111.81	25.16	-0.3	1238522	0.00e+00	7.04e-15	5.77e+02 5.25e-08	7.88e-04	1.62e-03
5.897	0.3035	4.49e-11	3.84e-11	349.80	110.01	25.04	-0.3	1225372	0.00e+00	7.48e-15	6.19e+02 5.66e-08	8.49e-04	1.62e-03
6.024	0.3108	4.32e-11	3.69e-11	344.35	108.25	24.92	-0.3	1212363	0.00e+00	7.95e-15	6.65e+02 6.10e-08	9.14e-04	1.61e-03
6.154	0.3183	4.15e-11	3.55e-11	338.97	106.50	24.80	-0.3	1199491	0.00e+00	8.45e-15	7.13e+02 6.57e-08	9.85e-04	1.61e-03
6.287	0.3260	3.99e-11	3.41e-11	333.57	104.77	24.69	-0.3	1186757	0.00e+00	8.98e-15	7.66e+02 7.08e-08	1.06e-03	1.61e-03
6.422	0.3339	3.83e-11	3.28e-11	328.42	103.09	24.58	-0.3	1174157	0.00e+00	9.54e-15	8.22e+02 7.61e-08	1.14e-03	1.61e-03
6.561	0.3420	3.68e-11	3.15e-11	323.22	101.42	24.46	-0.3	1161691	0.00e+00	1.01e-14	8.82e+02 8.20e-08	1.23e-03	1.60e-03
6.703	0.3502	3.54e-11	3.03e-11	318.14	99.78	24.35	-0.3	1149358	0.00e+00	1.08e-14	9.46e+02 8.83e-08	1.32e-03	1.60e-03
6.847	0.3587	3.40e-11	2.91e-11	313.14	98.17	24.24	-0.3	1137155	0.00e+00	1.14e-14	1.01e+03 9.50e-08	1.42e-03	1.60e-03
6.995	0.3674	3.27e-11	2.80e-11	308.29	96.61	24.13	-0.3	1125082	0.00e+00	1.21e-14	1.09e+03 1.02e-07	1.53e-03	1.59e-03
7.146	0.3763	3.14e-11	2.69e-11	303.48	95.06	24.03	-0.3	1113138	0.00e+00	1.29e-14	1.17e+03 1.10e-07	1.64e-03	1.59e-03
7.300	0.3854	3.02e-11	2.58e-11	298.69	93.53	23.92	-0.3	1101320	0.00e+00	1.36e-14	1.25e+03 1.18e-07	1.77e-03	1.59e-03
7.457	0.3947	2.90e-11	2.48e-11	293.98	92.02	23.81	-0.3	1089627	0.00e+00	1.45e-14	1.34e+03 1.27e-07	1.90e-03	1.58e-03
7.618	0.4043	2.79e-11	2.39e-11	289.42	90.56	23.71	-0.3	1078059	0.00e+00	1.53e-14	1.43e+03 1.36e-07	2.04e-03	1.58e-03
7.783	0.4141	2.68e-11	2.29e-11	284.85	89.09	23.60	-0.3	1066613	0.00e+00	1.63e-14	1.53e+03 1.46e-07	2.19e-03	1.57e-03
7.951	0.4241	2.58e-11	2.20e-11	280.34	87.64	23.50	-0.3	1055289	0.00e+00	1.72e-14	1.64e+03 1.57e-07	2.35e-03	1.57e-03
8.122	0.4344	2.47e-11	2.12e-11	275.95	86.24	23.40	-0.3	1044085	0.00e+00	1.83e-14	1.76e+03 1.69e-07	2.52e-03	1.57e-03
8.297	0.4449	2.38e-11	2.04e-11	271.61	84.86	23.30	-0.3	1033000	0.00e+00	1.93e-14	1.88e+03 1.81e-07	2.70e-03	1.56e-03
8.477	0.4557	2.29e-11	1.96e-11	267.35	83.49	23.20	-0.3	1022033	0.00e+00	2.05e-14	2.01e+03 1.94e-07	2.89e-03	1.56e-03
8.659	0.4667	2.20e-11	1.88e-11	263.15	82.15	23.10	-0.3	1011182	0.00e+00	2.17e-14	2.15e+03 2.08e-07	3.10e-03	1.55e-03
8.846	0.4780	2.11e-11	1.81e-11	259.06	80.85	23.00	-0.3	1000447	0.00e+00	2.29e-14	2.30e+03 2.22e-07	3.32e-03	1.55e-03
9.037	0.4896	2.03e-11	1.74e-11	254.94	79.54	22.90	-0.3	989825	0.00e+00	2.43e-14	2.46e+03 2.38e-07	3.55e-03	1.54e-03
9.232	0.5014	1.95e-11	1.67e-11	250.93	78.26	22.80	-0.3	979317	0.00e+00	2.57e-14	2.63e+03 2.55e-07	3.79e-03	1.54e-03
9.431	0.5136	1.87e-11	1.60e-11	246.99	77.00	22.71	-0.3	968919	0.00e+00	2.72e-14	2.81e+03 2.72e-07	4.04e-03	1.53e-03
9.635	0.5260	1.80e-11	1.54e-11	243.10	75.77	22.61	-0.3	958632	0.00e+00	2.88e-14	3.00e+03 2.91e-07	4.30e-03	1.52e-03
9.843	0.5388	1.73e-11	1.48e-11	239.31	74.57	22.51	-0.3	948455	0.00e+00	3.04e-14	3.20e+03 3.10e-07	4.58e-03	1.52e-03
10.055	0.5518	1.66e-11	1.42e-11	235.52	73.36	22.42	-0.3	938385	0.00e+00	3.22e-14	3.42e+03 3.30e-07	4.87e-03	1.51e-03
10.272	0.5652	1.60e-11	1.37e-11	231.80	72.18	22.33	-0.3	928423	0.00e+00	3.40e-14	3.65e+03 3.51e-07	5.16e-03	1.51e-03
10.494	0.5789	1.54e-11	1.31e-11	228.15	71.03	22.23	-0.3	918566	0.00e+00	3.59e-14	3.90e+03 3.73e-07	5.46e-03	1.50e-03
10.720	0.5929	1.48e-11	1.26e-11	224.56	69.89	22.14	-0.3	908813	0.00e+00	3.80e-14	4.16e+03 3.95e-07	5.76e-03	1.49e-03
10.951	0.6073	1.42e-11	1.21e-11	221.06	68.78	22.05	-0.3	899165	0.00e+00	4.01e-14	4.44e+03 4.18e-07	6.07e-03	1.49e-03
11.188	0.6220	1.36e-11	1.17e-11	217.56	67.67	21.96	-0.3	889619	0.00e+00	4.23e-14	4.73e+03 4.41e-07	6.38e-03	1.48e-03
11.429	0.6371	1.31e-11	1.12e-11	214.12	66.58	21.86	-0.3	880174	0.00e+00	4.47e-14	5.05e+03 4.64e-07	6.68e-03	1.47e-03
11.676	0.6525	1.26e-11	1.08e-11	210.75	65.52	21.77	-0.3	870829	0.00e+00	4.72e-14	5.38e+03 4.87e-07	6.98e-03	1.47e-03
11.928	0.6683	1.21e-11	1.03e-11	207.43	64.47	21.68	-0.3	861584	0.00e+00	4.98e-14	5.74e+03 5.10e-07	7.27e-03	1.46e-03
12.185	0.6846	1.16e-11	9.94e-12	204.17	63.44	21.59	-0.3	852436	0.00e+00	5.26e-14	6.11e+03 5.33e-07	7.55e-03	1.45e-03
12.448	0.7011	1.12e-11	9.55e-12	200.95	62.42	21.51	-0.3	843386	0.00e+00	5.55e-14	6.51e+03 5.55e-07	7.81e-03	1.44e-03
12.716	0.7181	1.07e-11	9.18e-12	197.79	61.43	21.42	-0.3	834432	0.00e+00	5.85e-14	6.94e+03 5.77e-07	8.06e-03	1.44e-03
12.991	0.7355	1.03e-11	8.82e-12	194.65	60.44	21.33	-0.3	825573	0.00e+00	6.17e-14	7.39e+03 5.98e-07	8.30e-03	1.43e-03
13.271	0.7534	9.91e-12	8.48e-12	191.59	59.48	21.24	-0.3	816808	0.00e+00	6.51e-14	7.87e+03 6.18e-07	8.52e-03	1.42e-03
13.557	0.7716	9.52e-12	8.15e-12	188.56	58.52	21.15	-0.3	808136	0.00e+00	6.86e-14	8.38e+03 6.37e-07	8.72e-03	1.41e-03
13.850	0.7903	9.15e-12	7.83e-12	185.59	57.59	21.07	-0.3	799556	0.00e+00	7.23e-14	8.92e+03 6.56e-07	8.91e-03	1.41e-03
14.149	0.8095	8.79e-12	7.52e-12	182.65	56.67	20.98	-0.3	791068	0.00e+00	7.63e-14	9.49e+03 6.73e-07	9.07e-03	1.40e-03
14.454	0.8292	8.45e-12	7.23e-12	179.78	55.76	20.90	-0.3	782669	0.00e+00	8.03e-14	1.01e+04 6.89e-07	9.22e-03	1.39e-03
14.766	0.8492	8.12e-12	6.94e-12	176.93	54.87	20.81	-0.3	774359	0.00e+00	8.47e-14	1.07e+04 7.05e-07	9.36e-03	1.38e-03
15.085	0.8698	7.80e-12	6.67e-12	174.13	53.99	20.73	-0.3	766138	0.00e+00	8.92e-14	1.14e+04 7.19e-07	9.47e-03	1.37e-03
15.410	0.8910	7.49e-12	6.41e-12	171.37	53.13	20.64	-0.3	758004	0.00e+00	9.39e-14	1.22e+04 7.32e-07	9.58e-03	1.37e-03
15.743	0.9126	7.20e-12	6.16e-12	168.67	52.28	20.56	-0.3	749957	0.00e+00	9.89e-14	1.29e+04 7.45e-07	9.66e-03	1.36e-03
16.082	0.9347	6.92e-12	5.92e-12	166.00	51.45	20.47	-0.3	741995	0.00e+00	1.04e-13	1.37e+04 7.56e-07	9.74e-03	1.35e-03
16.429	0.9574	6.65e-12	5.69e-12	163.38	50.63	20.39	-0.2	734117	0.00e+00	1.10e-13	1.46e+04 7.66e-07	9.80e-03	1.34e-03
16.784	0.9807	6.39e-12	5.47e-12	160.79	49.82	20.31	-0.2	726323	0.00e+00	1.15e-13	1.55e+04 7.76e-07	9.84e-03	1.33e-03
17.146	1.0045	6.14e-12	5.25e-12	158.25	49.03	20.23	-0.2	718612	0.00e+00	1.21e-13	1.65e+04 7.85e-07	9.88e-03	1.32e-03
17.516	1.0289	5.90e-12	5.05e-12	155.74	48.25	20.14	-0.2	710982	0.00e+00	1.28e-13	1.75e+04 7.92e-07	9.91e-03	1.31e-03
17.894	1.0539	5.67e-12	4.85e-12	153.26	47.48	20.06	-0.2	703434	0.00e+00	1.34e-13	1.86e+04 8.00e-07	9.92e-03	1.31e-03
18.280	1.0795	5.44e-12	4.66e-12	150.83	46.72	19.98	-0.2	695966	0.00e+00	1.41e-13	1.97e+04 8.06e-07	9.93e-03	1.30e-03
18.674	1.1057	5.23e-12	4.47e-12	148.44	45.98	19.90	-0.2	688577	0.00e+00	1.49e-13	2.10e+04 8.12e-07	9.93e-03	1.29e-03
19.077	1.1326	5.02e-12	4.30e-12	146.09	45.25	19.82	-0.2	681266	0.00e+00	1.56e-13	2.23e+04 8.17e-07	9.92e-03	1.28e-03
19.489	1.1601	4.83e-12	4.13e-12	143.76	44.53	19.74	-0.2	674033	0.00e+00	1.65e-13	2.36e+04 8.21e-07	9.90e-03	1.27e-03
19.909	1.1883	4.64e-12	3.97e-12	141.47	43.83	19.66	-0.2	666877	0.00e+00	1.73e-13	2.51e+04 8.25e-07	9.88e-03	1.26e-03
20.339	1.2174	4.46e-12	3.81e-12	139.25	43.14	19.58	-0.2	659797	0.00e+00	1.82e-13	2.66e+04 8.28e-07	9.85e-03	1.25e-03
20.778	1.2468	4.28e-12	3.66e-12	137.00	42.45	19.50	-0.2	652792	0.00e+00	1.91e-13	2.82e+04 8.31e-07	9.82e-03	1.24e-03
21.226	1.2772	4.11e-12	3.52e-12	134.81	41.78	19.42	-0.2	645862	0.00e+00	2.01e-13	2.99e+04 8.33e-07	9.78e-03	1.24e-03
21.684	1.3083	3.95e-12	3.38e-12	132.67	41.12	19.34	-0.2	639005	0.00e+00	2.11e-13	3.18e+04 8.35e-07	9.74e-03	1.23e-03
22.152	1.3401	3.80e-12	3.25e-12	130.55	40.47	19.26	-0.2	632220	0.00e+00	2.22e-13	3.37e+04 8.36e-07	9.69e-03	1.22e-03
22.630	1.3728	3.65e-12	3.12e-12	128.47	39.83	19.18	-0.2	625508	0.00e+00	2.33e-13	3.57e+04 8.37e-07	9.63e-03	1.21e-03
23.118	1.4063	3.50e-12	3.00e-12	126.43	39.21	19.11	-0.2	618867	0.00e+00	2.45e-13	3.79e+04 8.38e-07	9.58e-03	1.20e-03
23.617	1.4405	3.36e-12	2.88e-12	124.39	38.58	19.03	-0.2	612297	0.00e+00	2.57e-13	4.01e+04 8.38e-07	9.52e-03	1.19e-03
24.127	1.4756	3.23e-12	2.76e-12	122.40	37.98	18.95	-0.2	605796	0.00e+00	2.70e-13	4.26e+04 8.38e-07	9.46e-03	1.18e-03
24.647	1.5116	3.10e-12	2.66e-12	120.43	37.38	18.87	-0.2	599365	0.00e+00	2.84e-13	4.51e+04 8.38e-07	9.39e-03	1.17e-03
25.179	1.5485	2.98e-12	2.55e-12	118.50	36.79	18.80	-0.2	593001	0.00e+00	2.98e-13	4.78e+04 8.37e-07	9.32e-03	1.16e-03
25.722	1.5863	2.86e-12	2.45e-12	116.59	36.22	18.72	-0.2	586706	0.00e+00	3.13e-13	5.06e+04 8.36e-07	9.25e-03	1.15e-03
26.277	1.6251	2.75e-12	2.35e-12	114.72	35.65	18.64	-0.2	580477	0.00e+00	3.28e-13	5.36e+04 8.35e-07	9.18e-03	1.14e-03
26.844	1.6649	2.64e-12	2.26e-12	112.89	35.10	18.57	-0.2	574314	0.00e+00	3.45e-13	5.68e+04 8.34e-07	9.11e-03	1.14e-03
27.423	1.7056	2.54e-12	2.17e-12	111.07	34.55	18.49	-0.2	568216	0.00e+00	3.62e-13	6.02e+04 8.32e-07	9.03e-03	1.13e-03
28.015	1.7471	2.44e-12	2.08e-12	109.24	34.00	18.42	-0.2	562184	0.00e+00	3.80e-13	6.38e+04 8.30e-07	8.96e-03	1.12e-03
28.620	1.7899	2.34e-12	2.00e-12	107.49	33.47	18.34	-0.2	556215	0.00e+00	3.99e-13	6.75e+04 8.29e-07	8.88e-03	1.11e-03
29.237	1.8339	2.25e-12	1.92e-12	105.77	32.96	18.27	-0.2	550310	0.00e+00	4.18e-13	7.15e+04 8.26e-07	8.80e-03	1.10e-03
29.868	1.8785	2.16e-12	1.85e-12	104.02	32.44	18.19	-0.2	544467	0.00e+00	4.39e-13	7.57e+04 8.24e-07	8.72e-03	1.09e-03
30.512	1.9246	2.07e-12	1.77e-12	102.34	31.94	18.12	-0.2	538687	0.00e+00	4.61e-13	8.01e+04 8.22e-07	8.64e-03	1.08e-03
31.171	1.9719	1.99e-12	1.70e-12	100.68	31.45	18.04	-0.2	532968	0.00e+00	4.83e-13	8.48e+04 8.19e-07	8.56e-03	1.07e-03
31.843	2.0205	1.91e-12	1.63e-12	99.05	30.97	17.97	-0.2	527309	0.00e+00	5.07e-13	8.97e+04 8.17e-07	8.48e-03	1.06e-03
32.530	2.0697	1.83e-12	1.57e-12	97.40	30.48	17.89	-0.2	521711	0.00e+00	5.32e-13	9.50e+04 8.14e-07	8.40e-03	1.05e-03
33.232	2.1208	1.76e-12	1.51e-12	95.83	30.02	17.82	-0.2	516172	0.00e+00	5.58e-13	1.01e+05 8.11e-07	8.31e-03	1.05e-03
33.949	2.1729	1.69e-12	1.45e-12	94.25	29.55	17.75	-0.2	510692	0.00e+00	5.85e-13	1.06e+05 8.09e-07	8.23e-03	1.04e-03
34.682	2.2264	1.62e-12	1.39e-12	92.70	29.10	17.67	-0.2	505270	0.00e+00	6.14e-13	1.13e+05 8.06e-07	8.15e-03	1.03e-03
35.430	2.2812	1.56e-12	1.33e-12	91.17	28.66	17.60	-0.2	499906	0.00e+00	6.44e-13	1.19e+05 8.03e-07	8.06e-03	1.02e-03
36.195	2.3373	1.49e-12	1.28e-12	89.67	28.22	17.52	-0.2	494598	0.00e+00	6.76e-13	1.26e+05 8.00e-07	7.98e-03	1.01e-03
36.975	2.3949	1.43e-12	1.23e-12	88.18	27.79	17.45	-0.2	489347	0.00e+00	7.09e-13	1.33e+05 7.96e-07	7.90e-03	1.00e-03
37.773	2.4541	1.38e-12	1.18e-12	86.72	27.37	17.38	-0.2	484152	0.00e+00	7.43e-13	1.41e+05 7.93e-07	7.81e-03	9.92e-04
38.588	2.5147	1.32e-12	1.13e-12	85.28	26.96	17.31	-0.2	479012	0.00e+00	7.79e-13	1.49e+05 7.90e-07	7.73e-03	9.83e-04
39.421	2.5768	1.27e-12	1.08e-12	83.84	26.55	17.23	-0.2	473926	0.00e+00	8.17e-13	1.58e+05 7.87e-07	7.65e-03	9.74e-04
40.271	2.6407	1.22e-12	1.04e-12	82.45	26.15	17.16	-0.2	468895	0.00e+00	8.57e-13	1.67e+05 7.84e-07	7.56e-03	9.65e-04
41.140	2.7059	1.17e-12	9.99e-13	81.06	25.76	17.09	-0.2	463916	0.00e+00	8.99e-13	1.76e+05 7.80e-07	7.48e-03	9.56e-04
42.028	2.7733	1.12e-12	9.58e-13	79.71	25.38	17.02	-0.2	458991	0.00e+00	9.43e-13	1.87e+05 7.77e-07	7.40e-03	9.47e-04
42.935	2.8420	1.07e-12	9.19e-13	78.36	25.00	16.94	-0.2	454118	0.00e+00	9.89e-13	1.97e+05 7.74e-07	7.31e-03	9.39e-04
43.861	2.9128	1.03e-12	8.82e-13	77.04	24.63	16.87	-0.2	449297	0.00e+00	1.04e-12	2.09e+05 7.71e-07	7.23e-03	9.30e-04
44.808	2.9851	9.88e-13	8.46e-13	75.72	24.26	16.80	-0.2	444527	0.00e+00	1.09e-12	2.21e+05 7.67e-07	7.15e-03	9.21e-04
45.774	3.0594	9.48e-13	8.11e-13	74.43	23.90	16.73	-0.2	439807	0.00e+00	1.14e-12	2.33e+05 7.64e-07	7.07e-03	9.13e-04
46.762	3.1358	9.09e-13	7.78e-13	73.16	23.55	16.65	-0.2	435138	0.00e+00	1.20e-12	2.47e+05 7.60e-07	6.99e-03	9.04e-04
47.771	3.2141	8.72e-13	7.46e-13	71.91	23.21	16.58	-0.2	430518	0.00e+00	1.25e-12	2.61e+05 7.57e-07	6.91e-03	8.96e-04
48.802	3.2943	8.36e-13	7.15e-13	70.66	22.87	16.51	-0.2	425947	0.00e+00	1.32e-12	2.76e+05 7.54e-07	6.82e-03	8.87e-04
49.855	3.3769	8.01e-13	6.86e-13	69.45	22.54	16.44	-0.2	421425	0.00e+00	1.38e-12	2.91e+05 7.50e-07	6.75e-03	8.79e-04
50.931	3.4615	7.68e-13	6.57e-13	68.24	22.22	16.37	-0.2	416951	0.00e+00	1.45e-12	3.08e+05 7.47e-07	6.67e-03	8.70e-04
52.029	3.5484	7.36e-13	6.30e-13	67.06	21.90	16.29	-0.2	412524	0.00e+00	1.52e-12	3.26e+05 7.44e-07	6.59e-03	8.62e-04
53.152	3.6376	7.06e-13	6.04e-13	65.88	21.58	16.22	-0.2	408145	0.00e+00	1.59e-12	3.44e+05 7.40e-07	6.51e-03	8.53e-04
54.299	3.7291	6.76e-13	5.79e-13	64.72	21.27	16.15	-0.2	403811	0.00e+00	1.67e-12	3.64e+05 7.37e-07	6.43e-03	8.45e-04
55.470	3.8232	6.48e-13	5.54e-13	63.59	20.98	16.08	-0.2	399524	0.00e+00	1.75e-12	3.85e+05 7.34e-07	6.35e-03	8.37e-04
56.667	3.9196	6.21e-13	5.31e-13	62.46	20.68	16.01	-0.2	395283	0.00e+00	1.84e-12	4.07e+05 7.31e-07	6.27e-03	8.28e-04
57.890	4.0189	5.95e-13	5.09e-13	61.35	20.39	15.94	-0.2	391086	0.00e+00	1.93e-12	4.30e+05 7.27e-07	6.20e-03	8.20e-04
59.139	4.1206	5.70e-13	4.87e-13	60.26	20.11	15.86	-0.2	386934	0.00e+00	2.02e-12	4.54e+05 7.24e-07	6.12e-03	8.12e-04
60.415	4.2253	5.46e-13	4.67e-13	59.18	19.83	15.79	-0.2	382826	0.00e+00	2.12e-12	4.80e+05 7.21e-07	6.05e-03	8.04e-04
61.719	4.3326	5.23e-13	4.47e-13	58.11	19.56	15.72	-0.2	378761	0.00e+00	2.23e-12	5.08e+05 7.18e-07	5.97e-03	7.96e-04
63.050	4.4432	5.00e-13	4.28e-13	57.07	19.29	15.65	-0.2	374740	0.00e+00	2.34e-12	5.37e+05 7.14e-07	5.90e-03	7.88e-04
64.411	4.5563	4.79e-13	4.10e-13	56.02	19.03	15.58	-0.2	370762	0.00e+00	2.45e-12	5.67e+05 7.11e-07	5.82e-03	7.80e-04
65.801	4.6729	4.59e-13	3.92e-13	55.00	18.77	15.51	-0.2	366825	0.00e+00	2.57e-12	6.00e+05 7.08e-07	5.75e-03	7.72e-04
67.220	4.7923	4.39e-13	3.76e-13	53.99	18.52	15.43	-0.2	362931	0.00e+00	2.70e-12	6.34e+05 7.05e-07	5.68e-03	7.64e-04
68.671	4.9153	4.20e-13	3.59e-13	52.99	18.27	15.36	-0.2	359078	0.00e+00	2.83e-12	6.70e+05 7.02e-07	5.61e-03	7.56e-04
70.152	5.0416	4.02e-13	3.44e-13	52.01	18.03	15.29	-0.2	355265	0.00e+00	2.98e-12	7.08e+05 6.99e-07	5.53e-03	7.48e-04
71.666	5.1714	3.84e-13	3.29e-13	51.04	17.80	15.22	-0.2	351494	0.00e+00	3.12e-12	7.49e+05 6.96e-07	5.46e-03	7.40e-04
73.212	5.3049	3.68e-13	3.15e-13	50.08	17.56	15.15	-0.2	347762	0.00e+00	3.28e-12	7.92e+05 6.93e-07	5.39e-03	7.32e-04
74.792	5.4420	3.52e-13	3.01e-13	49.14	17.34	15.07	-0.2	344070	0.00e+00	3.44e-12	8.37e+05 6.90e-07	5.32e-03	7.25e-04
76.406	5.5828	3.36e-13	2.88e-13	48.21	17.11	15.00	-0.2	340417	0.00e+00	3.62e-12	8.85e+05 6.87e-07	5.25e-03	7.17e-04
78.054	5.7279	3.22e-13	2.75e-13	47.29	16.90	14.93	-0.2	336803	0.00e+00	3.80e-12	9.36e+05 6.84e-07	5.19e-03	7.09e-04
79.738	5.8769	3.08e-13	2.63e-13	46.39	16.69	14.86	-0.2	333227	0.00e+00	3.99e-12	9.89e+05 6.81e-07	5.12e-03	7.02e-04
81.459	6.0298	2.94e-13	2.51e-13	45.49	16.48	14.79	-0.2	329689	0.00e+00	4.19e-12	1.05e+06 6.78e-07	5.05e-03	6.94e-04
83.217	6.1873	2.81e-13	2.40e-13	44.61	16.27	14.71	-0.2	326189	0.00e+00	4.40e-12	1.11e+06 6.75e-07	4.98e-03	6.86e-04
85.012	6.3490	2.68e-13	2.30e-13	43.74	16.07	14.64	-0.2	322726	0.00e+00	4.62e-12	1.17e+06 6.72e-07	4.92e-03	6.79e-04
86.846	6.5157	2.56e-13	2.19e-13	42.89	15.87	14.57	-0.2	319299	0.00e+00	4.86e-12	1.24e+06 6.69e-07	4.85e-03	6.72e-04
88.720	6.6872	2.45e-13	2.10e-13	42.05	15.68	14.50	-0.2	315909	0.00e+00	5.11e-12	1.31e+06 6.67e-07	4.79e-03	6.64e-04
90.635	6.8630	2.34e-13	2.00e-13	41.22	15.49	14.43	-0.2	312555	0.00e+00	5.37e-12	1.38e+06 6.64e-07	4.72e-03	6.57e-04
92.590	7.0443	2.23e-13	1.91e-13	40.40	15.31	14.35	-0.2	309237	0.00e+00	5.64e-12	1.46e+06 6.61e-07	4.66e-03	6.50e-04
94.588	7.2305	2.13e-13	1.83e-13	39.59	15.13	14.28	-0.2	305954	0.00e+00	5.93e-12	1.55e+06 6.58e-07	4.60e-03	6.42e-04
96.629	7.4219	2.04e-13	1.74e-13	38.80	14.95	14.21	-0.2	302706	0.00e+00	6.23e-12	1.64e+06 6.56e-07	4.53e-03	6.35e-04
98.714	7.6191	1.94e-13	1.66e-13	38.01	14.78	14.14	-0.2	299492	0.00e+00	6.55e-12	1.73e+06 6.53e-07	4.47e-03	6.28e-04
100.844	7.8219	1.86e-13	1.59e-13	37.25	14.61	14.07	-0.2	296312	0.00e+00	6.89e-12	1.83e+06 6.50e-07	4.41e-03	6.21e-04
103.020	8.0304	1.77e-13	1.51e-13	36.48	14.45	13.99	-0.2	293166	0.00e+00	7.25e-12	1.94e+06 6.48e-07	4.35e-03	6.14e-04
105.242	8.2451	1.69e-13	1.44e-13	35.73	14.28	13.92	-0.2	290054	0.00e+00	7.62e-12	2.05e+06 6.45e-07	4.29e-03	6.07e-04
107.513	8.4658	1.61e-13	1.38e-13	35.00	14.13	13.85	-0.2	286975	0.00e+00	8.02e-12	2.17e+06 6.43e-07	4.23e-03	6.00e-04
109.833	8.6929	1.54e-13	1.31e-13	34.27	13.97	13.78	-0.2	283928	0.00e+00	8.43e-12	2.29e+06 6.40e-07	4.17e-03	5.93e-04
112.203	8.9268	1.46e-13	1.25e-13	33.56	13.82	13.70	-0.2	280913	0.00e+00	8.87e-12	2.43e+06 6.38e-07	4.11e-03	5.86e-04
114.624	9.1672	1.40e-13	1.19e-13	32.86	13.67	13.63	-0.2	277931	0.00e+00	9.34e-12	2.57e+06 6.35e-07	4.06e-03	5.79e-04
117.097	9.4148	1.33e-13	1.14e-13	32.17	13.52	13.56	-0.2	274980	0.00e+00	9.83e-12	2.72e+06 6.33e-07	4.00e-03	5.72e-04
119.623	9.6693	1.27e-13	1.09e-13	31.49	13.38	13.49	-0.2	272061	0.00e+00	1.03e-11	2.88e+06 6.30e-07	3.94e-03	5.66e-04
122.204	9.9315	1.21e-13	1.03e-13	30.82	13.24	13.41	-0.2	269172	0.00e+00	1.09e-11	3.04e+06 6.28e-07	3.89e-03	5.59e-04
124.841	10.2012	1.15e-13	9.85e-14	30.16	13.10	13.34	-0.2	266315	0.00e+00	1.15e-11	3.22e+06 6.26e-07	3.83e-03	5.52e-04
127.535	10.4787	1.10e-13	9.39e-14	29.51	12.97	13.27	-0.2	263487	0.00e+00	1.21e-11	3.41e+06 6.23e-07	3.78e-03	5.46e-04
130.287	10.7645	1.05e-13	8.94e-14	28.88	12.83	13.20	-0.2	260690	0.00e+00	1.27e-11	3.61e+06 6.21e-07	3.72e-03	5.39e-04
133.098	11.0585	9.95e-14	8.52e-14	28.25	12.70	13.13	-0.2	257922	0.00e+00	1.34e-11	3.82e+06 6.19e-07	3.67e-03	5.33e-04
135.970	11.3613	9.48e-14	8.11e-14	27.64	12.58	13.05	-0.2	255184	0.00e+00	1.41e-11	4.04e+06 6.16e-07	3.62e-03	5.26e-04
138.903	11.6728	9.02e-14	7.72e-14	27.03	12.45	12.98	-0.2	252475	0.00e+00	1.48e-11	4.28e+06 6.14e-07	3.57e-03	5.20e-04
141.900	11.9934	8.59e-14	7.35e-14	26.44	12.33	12.91	-0.2	249794	0.00e+00	1.56e-11	4.53e+06 6.12e-07	3.51e-03	5.14e-04
144.962	12.3232	8.17e-14	6.99e-14	25.86	12.21	12.84	-0.2	247142	0.00e+00	1.65e-11	4.80e+06 6.10e-07	3.46e-03	5.08e-04
148.090	12.6631	7.78e-14	6.66e-14	25.29	12.09	12.77	-0.2	244518	0.00e+00	1.73e-11	5.08e+06 6.08e-07	3.41e-03	5.01e-04
151.285	13.0126	7.40e-14	6.33e-14	24.73	11.98	12.70	-0.2	241922	0.00e+00	1.83e-11	5.38e+06 6.06e-07	3.36e-03	4.95e-04
154.549	13.3723	7.04e-14	6.03e-14	24.17	11.86	12.62	-0.2	239354	0.00e+00	1.93e-11	5.69e+06 6.03e-07	3.31e-03	4.89e-04
157.884	13.7431	6.70e-14	5.73e-14	23.63	11.75	12.55	-0.2	236813	0.00e+00	2.03e-11	6.03e+06 6.01e-07	3.26e-03	4.83e-04
161.291	14.1245	6.37e-14	5.45e-14	23.10	11.65	12.48	-0.2	234298	0.00e+00	2.14e-11	6.38e+06 5.99e-07	3.22e-03	4.77e-04
164.771	14.5168	6.06e-14	5.19e-14	22.58	11.54	12.41	-0.2	231811	0.00e+00	2.25e-11	6.76e+06 5.97e-07	3.17e-03	4.71e-04
168.326	14.9207	5.76e-14	4.93e-14	22.07	11.43	12.34	-0.2	229350	0.00e+00	2.38e-11	7.15e+06 5.95e-07	3.12e-03	4.65e-04
171.958	15.3368	5.48e-14	4.69e-14	21.57	11.33	12.27	-0.2	226915	0.00e+00	2.50e-11	7.58e+06 5.93e-07	3.08e-03	4.59e-04
175.668	15.7649	5.21e-14	4.46e-14	21.08	11.23	12.20	-0.2	224506	0.00e+00	2.64e-11	8.02e+06 5.91e-07	3.03e-03	4.54e-04
179.459	16.2059	4.95e-14	4.24e-14	20.60	11.13	12.13	-0.2	222122	0.00e+00	2.78e-11	8.50e+06 5.89e-07	2.98e-03	4.48e-04
183.331	16.6591	4.71e-14	4.03e-14	20.12	11.03	12.06	-0.2	219764	0.00e+00	2.94e-11	9.00e+06 5.88e-07	2.94e-03	4.42e-04
187.286	17.1267	4.47e-14	3.83e-14	19.66	10.94	11.99	-0.2	217431	0.00e+00	3.10e-11	9.53e+06 5.86e-07	2.89e-03	4.37e-04
191.327	17.6073	4.25e-14	3.64e-14	19.21	10.84	11.92	-0.2	215122	0.00e+00	3.26e-11	1.01e+07 5.84e-07	2.85e-03	4.31e-04
195.456	18.1020	4.04e-14	3.45e-14	18.76	10.75	11.85	-0.2	212838	0.00e+00	3.44e-11	1.07e+07 5.82e-07	2.81e-03	4.26e-04
199.673	18.6118	3.84e-14	3.28e-14	18.33	10.66	11.78	-0.2	210579	0.00e+00	3.63e-11	1.13e+07 5.80e-07	2.76e-03	4.20e-04
203.981	19.1359	3.64e-14	3.12e-14	17.90	10.57	11.71	-0.2	208343	0.00e+00	3.83e-11	1.20e+07 5.79e-07	2.72e-03	4.15e-04
208.382	19.6762	3.46e-14	2.96e-14	17.48	10.48	11.64	-0.2	206131	0.00e+00	4.04e-11	1.27e+07 5.77e-07	2.68e-03	4.09e-04
212.879	20.2318	3.29e-14	2.81e-14	17.07	10.39	11.57	-0.2	203943	0.00e+00	4.26e-11	1.35e+07 5.75e-07	2.64e-03	4.04e-04
217.472	20.8038	3.12e-14	2.67e-14	16.67	10.31	11.50	-0.2	201777	0.00e+00	4.49e-11	1.42e+07 5.73e-07	2.60e-03	3.99e-04
222.164	21.3929	2.96e-14	2.54e-14	16.28	10.22	11.44	-0.2	199635	0.00e+00	4.74e-11	1.51e+07 5.72e-07	2.56e-03	3.94e-04
226.958	21.9994	2.82e-14	2.41e-14	15.90	10.14	11.37	-0.2	197516	0.00e+00	5.00e-11	1.60e+07 5.70e-07	2.52e-03	3.89e-04
231.855	22.6233	2.67e-14	2.29e-14	15.52	10.06	11.30	-0.2	195419	0.00e+00	5.28e-11	1.69e+07 5.69e-07	2.48e-03	3.83e-04
236.857	23.2658	2.54e-14	2.17e-14	15.15	9.98	11.23	-0.2	193344	0.00e+00	5.57e-11	1.79e+07 5.67e-07	2.44e-03	3.78e-04
241.968	23.9276	2.41e-14	2.06e-14	14.79	9.90	11.17	-0.2	191291	0.00e+00	5.88e-11	1.90e+07 5.65e-07	2.40e-03	3.74e-04
247.189	24.6083	2.29e-14	1.96e-14	14.44	9.82	11.10	-0.2	189260	0.00e+00	6.20e-11	2.01e+07 5.64e-07	2.37e-03	3.69e-04
252.522	25.3086	2.17e-14	1.86e-14	14.10	9.74	11.03	-0.2	187251	0.00e+00	6.54e-11	2.13e+07 5.62e-07	2.33e-03	3.64e-04
257.971	26.0310	2.06e-14	1.76e-14	13.76	9.67	10.97	-0.2	185263	0.00e+00	6.91e-11	2.26e+07 5.61e-07	2.29e-03	3.59e-04
263.537	26.7732	1.95e-14	1.67e-14	13.43	9.59	10.90	-0.2	183296	0.00e+00	7.29e-11	2.39e+07 5.59e-07	2.26e-03	3.54e-04
269.223	27.5379	1.85e-14	1.59e-14	13.11	9.52	10.83	-0.2	181350	0.00e+00	7.69e-11	2.54e+07 5.58e-07	2.22e-03	3.49e-04
275.032	28.3247	1.76e-14	1.51e-14	12.79	9.45	10.77	-0.2	179425	0.00e+00	8.12e-11	2.69e+07 5.57e-07	2.19e-03	3.45e-04
280.966	29.1354	1.67e-14	1.43e-14	12.48	9.37	10.70	-0.2	177520	0.00e+00	8.57e-11	2.85e+07 5.55e-07	2.15e-03	3.40e-04
287.029	29.9684	1.58e-14	1.36e-14	12.18	9.30	10.64	-0.2	175635	0.00e+00	9.04e-11	3.01e+07 5.54e-07	2.12e-03	3.36e-04
293.222	30.8269	1.50e-14	1.29e-14	11.89	9.23	10.57	-0.2	173770	0.00e+00	9.55e-11	3.19e+07 5.52e-07	2.08e-03	3.31e-04
299.548	31.7116	1.43e-14	1.22e-14	11.60	9.16	10.51	-0.2	171926	0.00e+00	1.01e-10	3.38e+07 5.51e-07	2.05e-03	3.27e-04
306.012	32.6207	1.35e-14	1.16e-14	11.32	9.10	10.44	-0.2	170100	0.00e+00	1.06e-10	3.58e+07 5.50e-07	2.02e-03	3.22e-04
312.614	33.5578	1.28e-14	1.10e-14	11.04	9.03	10.38	-0.2	168294	0.00e+00	1.12e-10	3.80e+07 5.49e-07	1.99e-03	3.18e-04
319.360	34.5208	1.22e-14	1.04e-14	10.78	8.96	10.32	-0.2	166508	0.00e+00	1.19e-10	4.02e+07 5.47e-07	1.95e-03	3.14e-04
326.250	35.5135	1.15e-14	9.87e-15	10.51	8.90	10.25	-0.2	164740	0.00e+00	1.25e-10	4.26e+07 5.46e-07	1.92e-03	3.10e-04
333.290	36.5352	1.09e-14	9.36e-15	10.26	8.83	10.19	-0.2	162991	0.00e+00	1.32e-10	4.52e+07 5.45e-07	1.89e-03	3.05e-04
340.481	37.5869	1.04e-14	8.87e-15	10.01	8.77	10.13	-0.2	161260	0.00e+00	1.39e-10	4.78e+07 5.44e-07	1.86e-03	3.01e-04
347.827	38.6679	9.83e-15	8.41e-15	9.76	8.70	10.06	-0.2	159548	0.00e+00	1.47e-10	5.07e+07 5.42e-07	1.83e-03	2.97e-04