#1:r  2:H   3:Rho0    4:RhoMean 5:S   6:Tc  7:Te  8:Vr  9:Vphi   10:tauR	11:x	12:s_e	13:B_r	14:B_phi	15:B_z
0.052	0.0018	1.82e-06	1.55e-06	83178.96	5623.56	789.56	-1.6	13076793	0.00e+00	5.62e-05	3.34e+11 1.24e+04	7.66e+03	2.01e+02
0.053	0.0018	1.69e-06	1.45e-06	80358.70	5623.56	776.18	-1.6	12927297	0.00e+00	5.80e-05	3.45e+11 1.22e+04	7.47e+03	1.94e+02
0.054	0.0019	1.58e-06	1.35e-06	77634.07	5623.56	763.02	-1.6	12779510	0.00e+00	6.00e-05	3.56e+11 1.20e+04	7.28e+03	1.88e+02
0.055	0.0020	1.48e-06	1.26e-06	75001.83	5623.56	750.09	-1.6	12633413	0.00e+00	6.20e-05	3.68e+11 1.18e+04	7.09e+03	1.82e+02
0.057	0.0020	1.38e-06	1.18e-06	72458.83	5623.56	737.38	-1.6	12488986	0.00e+00	6.41e-05	3.81e+11 1.15e+04	6.90e+03	1.75e+02
0.058	0.0021	1.29e-06	1.10e-06	70002.05	5623.56	724.90	-1.6	12346210	0.00e+00	6.62e-05	3.94e+11 1.13e+04	6.72e+03	1.69e+02
0.059	0.0022	1.20e-06	1.03e-06	67628.57	5623.56	712.63	-1.7	12205067	0.00e+00	6.84e-05	4.07e+11 1.11e+04	6.53e+03	1.64e+02
0.061	0.0023	1.12e-06	9.58e-07	65335.57	5623.56	700.57	-1.7	12065537	0.00e+00	7.07e-05	4.20e+11 1.08e+04	6.35e+03	1.58e+02
0.062	0.0024	1.05e-06	8.94e-07	63120.31	5623.56	688.73	-1.7	11927602	0.00e+00	7.31e-05	4.35e+11 1.06e+04	6.18e+03	1.53e+02
0.064	0.0024	9.76e-07	8.35e-07	60980.16	5623.56	677.09	-1.7	11791244	0.00e+00	7.56e-05	4.49e+11 1.04e+04	6.00e+03	1.48e+02
0.065	0.0025	9.11e-07	7.79e-07	58912.58	5623.56	665.66	-1.7	11656444	0.00e+00	7.81e-05	4.64e+11 1.01e+04	5.83e+03	1.43e+02
0.067	0.0026	8.50e-07	7.27e-07	56915.10	5623.56	654.43	-1.8	11523186	0.00e+00	8.08e-05	4.80e+11 9.88e+03	5.66e+03	1.38e+02
0.068	0.0027	7.93e-07	6.79e-07	54985.34	5623.56	643.39	-1.8	11391452	0.00e+00	8.35e-05	4.96e+11 9.64e+03	5.50e+03	1.33e+02
0.070	0.0028	7.40e-07	6.33e-07	53121.02	5623.56	632.54	-1.8	11261223	0.00e+00	8.64e-05	5.13e+11 9.41e+03	5.34e+03	1.29e+02
0.071	0.0029	6.91e-07	5.91e-07	51319.91	5623.56	621.89	-1.8	11132483	0.00e+00	8.93e-05	5.31e+11 9.17e+03	5.18e+03	1.24e+02
0.073	0.0030	6.56e-07	5.61e-07	50137.62	5561.00	611.50	-1.8	11005215	0.00e+00	7.80e-05	4.67e+11 8.42e+03	4.88e+03	1.21e+02
0.075	0.0030	6.41e-07	5.48e-07	49952.19	5392.78	601.43	-1.8	10879402	0.00e+00	5.06e-05	3.09e+11 6.93e+03	4.37e+03	1.21e+02
0.077	0.0031	6.22e-07	5.32e-07	49508.83	5256.21	591.53	-1.8	10755027	0.00e+00	3.54e-05	2.20e+11 5.82e+03	3.95e+03	1.20e+02
0.078	0.0032	6.02e-07	5.15e-07	49040.26	5126.52	581.80	-1.7	10632074	0.00e+00	2.51e-05	1.59e+11 4.89e+03	3.57e+03	1.19e+02
0.080	0.0032	5.86e-07	5.01e-07	48700.19	4994.53	572.28	-1.7	10510526	0.00e+00	1.77e-05	1.14e+11 4.07e+03	3.21e+03	1.18e+02
0.082	0.0036	7.47e-07	6.39e-07	68264.64	5623.56	564.96	-1.2	10390369	0.00e+00	8.60e-05	5.11e+11 1.06e+04	5.67e+03	1.65e+02
0.084	0.0036	7.14e-07	6.11e-07	66712.64	5486.62	555.78	-1.2	10271584	0.00e+00	6.17e-05	3.73e+11 9.03e+03	5.15e+03	1.61e+02
0.086	0.0037	6.85e-07	5.86e-07	65075.30	5297.03	546.79	-1.2	10154158	0.00e+00	3.78e-05	2.34e+11 7.19e+03	4.51e+03	1.57e+02
0.088	0.0038	6.56e-07	5.61e-07	63545.93	5141.39	537.96	-1.2	10038074	0.00e+00	2.52e-05	1.59e+11 5.86e+03	4.00e+03	1.54e+02
0.090	0.0038	6.31e-07	5.40e-07	62174.92	4965.16	529.35	-1.2	9923318	0.00e+00	1.58e-05	1.02e+11 4.57e+03	3.47e+03	1.50e+02
0.092	0.0033	6.66e-07	5.70e-07	56838.55	3474.31	520.83	-1.3	9809873	0.00e+00	5.40e-06	4.45e+10 2.05e+03	2.16e+03	1.38e+02
0.094	0.0034	6.34e-07	5.43e-07	55635.24	3429.10	512.41	-1.3	9697725	0.00e+00	5.40e-06	4.49e+10 2.02e+03	2.11e+03	1.35e+02
0.096	0.0035	6.04e-07	5.17e-07	54466.88	3383.90	504.15	-1.3	9586859	0.00e+00	5.40e-06	4.53e+10 1.99e+03	2.06e+03	1.32e+02
0.099	0.0036	5.75e-07	4.92e-07	53332.57	3338.70	496.05	-1.3	9477261	0.00e+00	5.40e-06	4.57e+10 1.96e+03	2.01e+03	1.29e+02
0.101	0.0037	5.50e-07	4.71e-07	52380.09	3283.96	488.13	-1.3	9368916	0.00e+00	5.40e-06	4.62e+10 1.94e+03	1.97e+03	1.27e+02
0.103	0.0038	5.30e-07	4.53e-07	51669.37	3216.63	480.43	-1.3	9261809	0.00e+00	5.40e-06	4.69e+10 1.92e+03	1.93e+03	1.25e+02
0.106	0.0039	5.10e-07	4.36e-07	50932.27	3152.35	472.87	-1.2	9155926	0.00e+00	5.40e-06	4.75e+10 1.89e+03	1.89e+03	1.23e+02
0.108	0.0054	7.32e-07	6.26e-07	101125.90	5623.56	519.94	-0.6	9051255	0.00e+00	8.68e-05	5.16e+11 1.11e+04	5.78e+03	2.45e+02
0.111	0.0055	6.89e-07	5.90e-07	97800.51	5536.97	511.63	-0.6	8947779	0.00e+00	7.16e-05	4.30e+11 9.94e+03	5.37e+03	2.37e+02
0.113	0.0056	6.56e-07	5.62e-07	94555.12	5323.35	504.54	-0.6	8845487	0.00e+00	4.14e-05	2.56e+11 7.78e+03	4.65e+03	2.29e+02
0.116	0.0057	6.23e-07	5.33e-07	91428.88	5153.60	497.27	-0.6	8744364	0.00e+00	2.66e-05	1.68e+11 6.29e+03	4.10e+03	2.21e+02
0.118	0.0058	5.93e-07	5.08e-07	88395.03	4957.15	490.38	-0.6	8644397	0.00e+00	1.59e-05	1.03e+11 4.85e+03	3.52e+03	2.14e+02
0.121	0.0060	5.55e-07	4.75e-07	85121.78	4906.41	499.68	-0.6	8545573	0.00e+00	1.43e-05	9.29e+10 4.46e+03	3.31e+03	2.06e+02
0.124	0.0052	6.14e-07	5.25e-07	82327.80	3498.91	490.71	-0.7	8447879	0.00e+00	5.40e-06	4.43e+10 2.52e+03	2.35e+03	1.99e+02
0.127	0.0054	5.78e-07	4.95e-07	79610.75	3444.74	482.64	-0.7	8351302	0.00e+00	5.40e-06	4.48e+10 2.48e+03	2.29e+03	1.93e+02
0.130	0.0055	5.44e-07	4.66e-07	76988.24	3390.77	474.79	-0.7	8255829	0.00e+00	5.40e-06	4.52e+10 2.43e+03	2.22e+03	1.86e+02
0.133	0.0057	5.13e-07	4.39e-07	74447.55	3336.41	467.04	-0.7	8161447	0.00e+00	5.40e-06	4.57e+10 2.38e+03	2.16e+03	1.80e+02
0.136	0.0058	4.84e-07	4.14e-07	71986.26	3265.65	459.71	-0.7	8068144	0.00e+00	5.40e-06	4.64e+10 2.33e+03	2.09e+03	1.74e+02
0.139	0.0059	4.58e-07	3.92e-07	69606.40	3185.16	452.72	-0.7	7975908	0.00e+00	5.40e-06	4.72e+10 2.28e+03	2.03e+03	1.68e+02
0.142	0.0042	2.87e-07	2.46e-07	31261.75	1522.32	384.66	-1.5	7884726	0.00e+00	8.92e-11	1.29e+06 2.89e-02	7.69e+01	7.57e+01
0.146	0.0044	2.76e-07	2.36e-07	31009.64	1521.08	378.90	-1.5	7794587	0.00e+00	8.95e-11	1.29e+06 2.89e-02	7.64e+01	7.51e+01
0.149	0.0046	5.27e-07	4.51e-07	61858.26	1547.21	463.17	-0.7	7705478	0.00e+00	9.38e-11	1.34e+06 1.08e-01	1.31e+02	1.50e+02
0.153	0.0047	4.92e-07	4.21e-07	59830.97	1545.30	454.33	-0.7	7617388	0.00e+00	9.44e-11	1.35e+06 1.10e-01	1.27e+02	1.45e+02
0.156	0.0049	4.60e-07	3.94e-07	57873.78	1543.49	445.71	-0.7	7530305	0.00e+00	9.52e-11	1.36e+06 1.12e-01	1.24e+02	1.40e+02
0.160	0.0051	4.30e-07	3.68e-07	55977.24	1541.58	437.27	-0.7	7444217	0.00e+00	9.59e-11	1.37e+06 1.14e-01	1.21e+02	1.35e+02
0.163	0.0052	4.02e-07	3.44e-07	54146.28	1539.68	429.07	-0.8	7359114	0.00e+00	9.65e-11	1.38e+06 1.16e-01	1.18e+02	1.31e+02
0.167	0.0054	3.76e-07	3.22e-07	52375.29	1537.77	421.08	-0.8	7274983	0.00e+00	9.72e-11	1.39e+06 1.18e-01	1.15e+02	1.27e+02
0.171	0.0056	3.52e-07	3.01e-07	50662.29	1535.86	413.29	-0.8	7191815	0.00e+00	9.78e-11	1.40e+06 1.20e-01	1.12e+02	1.23e+02
0.175	0.0058	3.29e-07	2.82e-07	49008.45	1533.95	405.73	-0.8	7109597	0.00e+00	9.84e-11	1.41e+06 1.22e-01	1.09e+02	1.19e+02
0.179	0.0060	3.08e-07	2.63e-07	47405.73	1531.95	398.33	-0.8	7028319	0.00e+00	9.89e-11	1.42e+06 1.24e-01	1.06e+02	1.15e+02
0.183	0.0062	2.88e-07	2.46e-07	45855.49	1530.04	391.10	-0.8	6947970	0.00e+00	9.96e-11	1.43e+06 1.27e-01	1.03e+02	1.11e+02
0.188	0.0064	2.69e-07	2.30e-07	44358.78	1528.04	384.11	-0.8	6868540	0.00e+00	1.00e-10	1.44e+06 1.29e-01	1.00e+02	1.07e+02
0.192	0.0066	2.52e-07	2.15e-07	42908.32	1526.13	377.24	-0.8	6790018	0.00e+00	1.01e-10	1.45e+06 1.31e-01	9.76e+01	1.04e+02
0.197	0.0069	2.35e-07	2.01e-07	41507.94	1524.13	370.58	-0.8	6712393	0.00e+00	1.01e-10	1.46e+06 1.33e-01	9.50e+01	1.00e+02
0.201	0.0071	2.20e-07	1.88e-07	40153.34	1522.13	364.10	-0.8	6635656	0.00e+00	1.02e-10	1.47e+06 1.35e-01	9.24e+01	9.72e+01
0.206	0.0074	2.06e-07	1.76e-07	38843.01	1520.13	357.78	-0.8	6559797	0.00e+00	1.02e-10	1.48e+06 1.37e-01	9.00e+01	9.40e+01
0.211	0.0076	1.92e-07	1.65e-07	37575.51	1518.12	351.60	-0.8	6484804	0.00e+00	1.03e-10	1.48e+06 1.39e-01	8.76e+01	9.09e+01
0.215	0.0079	1.80e-07	1.54e-07	36349.43	1516.12	345.60	-0.9	6410669	0.00e+00	1.03e-10	1.49e+06 1.41e-01	8.52e+01	8.80e+01
0.220	0.0081	1.68e-07	1.44e-07	35163.42	1514.12	339.74	-0.9	6337381	0.00e+00	1.03e-10	1.50e+06 1.43e-01	8.29e+01	8.51e+01
0.226	0.0084	1.57e-07	1.35e-07	34016.17	1512.11	334.02	-0.9	6264931	0.00e+00	1.04e-10	1.51e+06 1.45e-01	8.07e+01	8.23e+01
0.231	0.0087	1.47e-07	1.26e-07	32906.41	1510.02	328.45	-0.9	6193310	0.00e+00	1.04e-10	1.51e+06 1.47e-01	7.85e+01	7.96e+01
0.236	0.0090	1.38e-07	1.18e-07	31834.92	1508.01	323.06	-0.9	6122507	0.00e+00	1.05e-10	1.52e+06 1.49e-01	7.64e+01	7.70e+01
0.242	0.0093	1.29e-07	1.10e-07	30800.33	1505.92	317.79	-0.9	6052514	0.00e+00	1.05e-10	1.53e+06 1.50e-01	7.44e+01	7.45e+01
0.247	0.0096	1.20e-07	1.03e-07	29793.75	1503.91	312.65	-0.9	5983320	0.00e+00	1.05e-10	1.53e+06 1.52e-01	7.24e+01	7.21e+01
0.253	0.0100	1.13e-07	9.64e-08	28823.78	1501.81	307.65	-0.9	5914918	0.00e+00	1.06e-10	1.54e+06 1.54e-01	7.04e+01	6.98e+01
0.259	0.0103	1.05e-07	9.01e-08	27887.22	1499.72	302.77	-0.9	5847298	0.00e+00	1.06e-10	1.54e+06 1.56e-01	6.85e+01	6.75e+01
0.265	0.0107	9.85e-08	8.43e-08	26979.42	1497.62	298.02	-0.9	5780451	0.00e+00	1.06e-10	1.55e+06 1.57e-01	6.67e+01	6.53e+01
0.271	0.0110	9.22e-08	7.89e-08	26101.23	1495.52	293.38	-0.9	5714368	0.00e+00	1.06e-10	1.55e+06 1.59e-01	6.49e+01	6.32e+01
0.277	0.0114	8.62e-08	7.38e-08	25251.67	1493.42	288.89	-1.0	5649041	0.00e+00	1.06e-10	1.56e+06 1.61e-01	6.31e+01	6.11e+01
0.284	0.0118	8.06e-08	6.90e-08	24431.38	1491.23	284.48	-1.0	5584460	0.00e+00	1.07e-10	1.56e+06 1.62e-01	6.14e+01	5.91e+01
0.291	0.0122	7.54e-08	6.45e-08	23636.27	1489.13	280.19	-1.0	5520618	0.00e+00	1.07e-10	1.57e+06 1.63e-01	5.98e+01	5.72e+01
0.297	0.0126	7.05e-08	6.04e-08	22867.08	1487.03	275.99	-1.0	5457505	0.00e+00	1.07e-10	1.57e+06 1.65e-01	5.82e+01	5.53e+01
0.304	0.0131	6.60e-08	5.65e-08	22122.97	1484.94	271.90	-1.0	5395114	0.00e+00	1.07e-10	1.57e+06 1.66e-01	5.66e+01	5.35e+01
0.311	0.0135	6.17e-08	5.28e-08	21403.11	1482.84	267.91	-1.0	5333436	0.00e+00	1.07e-10	1.58e+06 1.68e-01	5.50e+01	5.18e+01
0.319	0.0140	5.77e-08	4.94e-08	20706.72	1480.74	264.04	-1.0	5272464	0.00e+00	1.07e-10	1.58e+06 1.69e-01	5.36e+01	5.01e+01
0.326	0.0145	5.40e-08	4.62e-08	20033.03	1478.64	260.22	-1.0	5212188	0.00e+00	1.08e-10	1.59e+06 1.70e-01	5.21e+01	4.85e+01
0.333	0.0150	5.05e-08	4.32e-08	19380.04	1476.54	256.49	-1.0	5152602	0.00e+00	1.08e-10	1.59e+06 1.71e-01	5.07e+01	4.69e+01
0.341	0.0155	4.72e-08	4.04e-08	18749.59	1474.54	252.87	-1.0	5093696	0.00e+00	1.08e-10	1.60e+06 1.72e-01	4.93e+01	4.54e+01
0.349	0.0160	4.42e-08	3.78e-08	18138.50	1472.44	249.32	-1.1	5035465	0.00e+00	1.08e-10	1.60e+06 1.73e-01	4.80e+01	4.39e+01
0.357	0.0165	4.13e-08	3.53e-08	17548.51	1470.44	245.87	-1.1	4977898	0.00e+00	1.08e-10	1.60e+06 1.74e-01	4.67e+01	4.25e+01
0.366	0.0171	3.86e-08	3.31e-08	16975.53	1468.44	242.47	-1.1	4920990	0.00e+00	1.09e-10	1.61e+06 1.75e-01	4.54e+01	4.11e+01
0.374	0.0177	3.61e-08	3.09e-08	16422.36	1466.43	239.17	-1.1	4864733	0.00e+00	1.09e-10	1.62e+06 1.76e-01	4.42e+01	3.97e+01
0.383	0.0183	3.38e-08	2.89e-08	15887.24	1464.43	235.95	-1.1	4809119	0.00e+00	1.09e-10	1.62e+06 1.77e-01	4.30e+01	3.85e+01
0.392	0.0189	3.16e-08	2.70e-08	15369.59	1462.52	232.80	-1.1	4754140	0.00e+00	1.10e-10	1.63e+06 1.78e-01	4.18e+01	3.72e+01
0.401	0.0196	2.96e-08	2.53e-08	14867.86	1460.52	229.71	-1.1	4699790	0.00e+00	1.10e-10	1.63e+06 1.78e-01	4.07e+01	3.60e+01
0.410	0.0203	2.76e-08	2.36e-08	14382.54	1458.61	226.70	-1.1	4646061	0.00e+00	1.10e-10	1.64e+06 1.79e-01	3.96e+01	3.48e+01
0.420	0.0210	2.58e-08	2.21e-08	13913.99	1456.71	223.77	-1.1	4592947	0.00e+00	1.11e-10	1.65e+06 1.79e-01	3.85e+01	3.37e+01
0.429	0.0217	2.42e-08	2.07e-08	13459.85	1454.80	220.89	-1.2	4540440	0.00e+00	1.11e-10	1.66e+06 1.79e-01	3.74e+01	3.26e+01
0.439	0.0224	2.26e-08	1.93e-08	13019.70	1452.89	218.07	-1.2	4488533	0.00e+00	1.11e-10	1.66e+06 1.79e-01	3.64e+01	3.15e+01
0.450	0.0232	2.11e-08	1.81e-08	12594.79	1450.99	215.32	-1.2	4437219	0.00e+00	1.12e-10	1.67e+06 1.79e-01	3.54e+01	3.05e+01
0.460	0.0240	1.98e-08	1.69e-08	12182.96	1449.17	212.63	-1.2	4386492	0.00e+00	1.12e-10	1.68e+06 1.79e-01	3.45e+01	2.95e+01
0.471	0.0248	1.85e-08	1.58e-08	11785.40	1447.36	210.00	-1.2	4336345	0.00e+00	1.13e-10	1.69e+06 1.79e-01	3.35e+01	2.85e+01
0.482	0.0257	1.73e-08	1.48e-08	11399.33	1445.55	207.42	-1.2	4286772	0.00e+00	1.13e-10	1.70e+06 1.79e-01	3.26e+01	2.76e+01
0.493	0.0266	1.62e-08	1.39e-08	11043.42	1441.54	205.17	-1.2	4237765	0.00e+00	1.10e-10	1.65e+06 1.72e-01	3.17e+01	2.67e+01
0.505	0.0275	1.52e-08	1.30e-08	10700.13	1437.35	202.98	-1.2	4189318	0.00e+00	1.06e-10	1.59e+06 1.65e-01	3.08e+01	2.59e+01
0.516	0.0284	1.42e-08	1.22e-08	10366.91	1433.25	200.83	-1.3	4141425	0.00e+00	1.03e-10	1.54e+06 1.58e-01	3.00e+01	2.51e+01
0.528	0.0293	1.33e-08	1.14e-08	10042.81	1429.24	198.69	-1.3	4094080	0.00e+00	9.93e-11	1.50e+06 1.51e-01	2.91e+01	2.43e+01
0.541	0.0303	1.25e-08	1.07e-08	9729.57	1425.33	196.60	-1.3	4047276	0.00e+00	9.62e-11	1.45e+06 1.45e-01	2.83e+01	2.35e+01
0.553	0.0313	1.17e-08	1.00e-08	9425.53	1421.42	194.54	-1.3	4001007	0.00e+00	9.32e-11	1.41e+06 1.38e-01	2.75e+01	2.28e+01
0.566	0.0324	1.10e-08	9.40e-09	9131.07	1417.61	192.51	-1.3	3955266	0.00e+00	9.03e-11	1.37e+06 1.33e-01	2.68e+01	2.21e+01
0.579	0.0334	1.04e-08	8.89e-09	8899.91	1405.11	191.57	-1.3	3910049	0.00e+00	7.54e-11	1.15e+06 1.09e-01	2.60e+01	2.15e+01
0.593	0.0344	9.80e-09	8.39e-09	8662.24	1394.62	190.45	-1.3	3865349	0.00e+00	6.49e-11	9.95e+05 9.30e-02	2.52e+01	2.09e+01
0.606	0.0355	9.24e-09	7.91e-09	8423.26	1385.56	188.57	-1.3	3821160	0.00e+00	5.72e-11	8.81e+05 7.79e-02	2.35e+01	1.87e+01
0.621	0.0367	8.69e-09	7.44e-09	8182.15	1378.03	186.63	-1.3	3777476	0.00e+00	5.17e-11	7.99e+05 6.73e-02	2.21e+01	1.70e+01
0.635	0.0378	8.18e-09	7.00e-09	7947.07	1370.69	184.72	-1.3	3734291	0.00e+00	4.68e-11	7.27e+05 5.82e-02	2.08e+01	1.54e+01
0.650	0.0391	7.70e-09	6.59e-09	7721.13	1362.96	182.87	-1.3	3691600	0.00e+00	4.21e-11	6.55e+05 4.98e-02	1.95e+01	1.40e+01
0.665	0.0404	7.23e-09	6.19e-09	7490.79	1357.24	180.93	-1.3	3649397	0.00e+00	3.91e-11	6.12e+05 4.45e-02	1.85e+01	1.29e+01
0.680	0.0417	6.78e-09	5.80e-09	7260.79	1352.76	178.95	-1.4	3607677	0.00e+00	3.73e-11	5.83e+05 4.09e-02	1.76e+01	1.20e+01
0.696	0.0431	6.36e-09	5.44e-09	7032.95	1349.23	176.96	-1.4	3566433	0.00e+00	3.61e-11	5.66e+05 3.84e-02	1.68e+01	1.12e+01
0.712	0.0444	6.01e-09	5.15e-09	6856.03	1337.12	175.52	-1.4	3525661	0.00e+00	2.97e-11	4.68e+05 2.94e-02	1.54e+01	9.73e+00
0.729	0.0458	5.69e-09	4.87e-09	6682.19	1325.39	174.10	-1.4	3485356	0.00e+00	2.45e-11	3.89e+05 2.26e-02	1.41e+01	8.47e+00
0.746	0.0472	5.37e-09	4.60e-09	6506.66	1314.99	172.62	-1.4	3445510	0.00e+00	2.07e-11	3.30e+05 1.78e-02	1.30e+01	7.45e+00
0.763	0.0487	5.07e-09	4.33e-09	6330.12	1305.84	171.09	-1.4	3406121	0.00e+00	1.78e-11	2.86e+05 1.44e-02	1.21e+01	6.61e+00
0.781	0.0502	4.77e-09	4.08e-09	6153.69	1297.73	169.53	-1.4	3367182	0.00e+00	1.57e-11	2.52e+05 1.20e-02	1.12e+01	5.92e+00
0.799	0.0518	4.49e-09	3.85e-09	5980.64	1290.01	167.97	-1.4	3328688	0.00e+00	1.38e-11	2.24e+05 1.00e-02	1.05e+01	5.32e+00
0.818	0.0535	4.23e-09	3.62e-09	5808.78	1283.14	166.38	-1.4	3290634	0.00e+00	1.24e-11	2.02e+05 8.52e-03	9.80e+00	4.81e+00
0.837	0.0553	3.97e-09	3.40e-09	5638.23	1277.13	164.77	-1.4	3253015	0.00e+00	1.14e-11	1.85e+05 7.42e-03	9.22e+00	4.39e+00
0.856	0.0571	3.73e-09	3.19e-09	5470.34	1271.70	163.16	-1.4	3215826	0.00e+00	1.05e-11	1.71e+05 6.55e-03	8.69e+00	4.02e+00
0.876	0.0590	3.50e-09	3.00e-09	5305.16	1266.83	161.54	-1.4	3179062	0.00e+00	9.79e-12	1.60e+05 5.86e-03	8.21e+00	3.70e+00
0.896	0.0609	3.29e-09	2.81e-09	5142.70	1262.54	159.92	-1.5	3142718	0.00e+00	9.24e-12	1.52e+05 5.33e-03	7.79e+00	3.43e+00
0.917	0.0630	3.08e-09	2.64e-09	4984.52	1258.44	158.32	-1.5	3106790	0.00e+00	8.76e-12	1.44e+05 4.86e-03	7.40e+00	3.18e+00
0.939	0.0649	2.92e-09	2.50e-09	4858.23	1247.38	157.10	-1.5	3071273	0.00e+00	7.13e-12	1.18e+05 3.65e-03	6.71e+00	2.75e+00
0.961	0.0669	2.76e-09	2.36e-09	4732.22	1237.27	155.84	-1.5	3036162	0.00e+00	5.90e-12	9.81e+04 2.80e-03	6.10e+00	2.39e+00
0.983	0.0690	2.60e-09	2.23e-09	4606.56	1227.83	154.55	-1.5	3001452	0.00e+00	4.94e-12	8.26e+04 2.18e-03	5.55e+00	2.10e+00
1.006	0.0712	2.45e-09	2.10e-09	4482.40	1219.06	153.25	-1.5	2967139	0.00e+00	4.19e-12	7.04e+04 1.72e-03	5.06e+00	1.85e+00
1.029	0.0734	2.31e-09	1.98e-09	4359.76	1210.85	151.92	-1.5	2933218	0.00e+00	3.59e-12	6.05e+04 1.38e-03	4.62e+00	1.63e+00
1.053	0.0757	2.18e-09	1.87e-09	4238.98	1203.13	150.58	-1.5	2899685	0.00e+00	3.10e-12	5.25e+04 1.12e-03	4.22e+00	1.45e+00
1.078	0.0782	2.05e-09	1.76e-09	4120.07	1195.88	149.24	-1.5	2866536	0.00e+00	2.70e-12	4.60e+04 9.16e-04	3.86e+00	1.29e+00
1.103	0.0807	1.93e-09	1.65e-09	4003.04	1189.02	147.89	-1.5	2833765	0.00e+00	2.37e-12	4.05e+04 7.59e-04	3.53e+00	1.16e+00
1.128	0.0833	1.82e-09	1.56e-09	3888.83	1182.63	146.55	-1.5	2801369	0.00e+00	2.10e-12	3.61e+04 6.37e-04	3.24e+00	1.04e+00
1.155	0.0860	1.71e-09	1.46e-09	3776.47	1176.43	145.21	-1.5	2769343	0.00e+00	1.87e-12	3.22e+04 5.37e-04	2.97e+00	9.37e-01
1.181	0.0884	1.63e-09	1.39e-09	3694.85	1161.74	144.06	-1.5	2737684	0.00e+00	1.34e-12	2.33e+04 3.42e-04	2.42e+00	7.64e-01
1.209	0.0908	1.56e-09	1.33e-09	3626.74	1143.43	142.85	-1.5	2706386	0.00e+00	8.70e-13	1.53e+04 1.88e-04	1.77e+00	5.93e-01
1.237	0.0932	1.49e-09	1.27e-09	3561.10	1124.93	141.51	-1.5	2675446	0.00e+00	5.53e-13	9.81e+03 9.97e-05	1.17e+00	4.56e-01
1.266	0.0958	1.42e-09	1.22e-09	3494.87	1107.48	140.23	-1.5	2644860	0.00e+00	3.56e-13	6.38e+03 5.30e-05	7.10e-01	3.53e-01
1.295	0.0984	1.36e-09	1.16e-09	3428.04	1090.79	139.11	-1.5	2614624	0.00e+00	2.31e-13	4.18e+03 2.82e-05	4.04e-01	2.74e-01
1.325	0.1010	1.30e-09	1.11e-09	3364.77	1073.53	138.18	-1.5	2584733	0.00e+00	1.45e-13	2.66e+03 1.44e-05	2.12e-01	2.10e-01
1.356	0.1038	1.24e-09	1.06e-09	3300.82	1057.32	137.34	-1.5	2555184	0.00e+00	9.27e-14	1.72e+03 7.61e-06	1.13e-01	1.62e-01
1.388	0.1066	1.18e-09	1.01e-09	3236.79	1041.58	136.54	-1.5	2525973	0.00e+00	5.93e-14	1.11e+03 4.15e-06	6.20e-02	1.25e-01
1.420	0.1095	1.13e-09	9.66e-10	3173.83	1026.32	135.76	-1.5	2497096	0.00e+00	3.80e-14	7.19e+02 2.38e-06	3.57e-02	9.62e-02
1.453	0.1125	1.08e-09	9.22e-10	3111.39	1011.35	135.00	-1.5	2468548	0.00e+00	2.44e-14	4.65e+02 1.49e-06	2.23e-02	7.42e-02
1.487	0.1156	1.03e-09	8.79e-10	3050.12	996.66	134.24	-1.5	2440328	0.00e+00	1.56e-14	3.01e+02 1.05e-06	1.57e-02	5.72e-02
1.521	0.1188	9.80e-10	8.39e-10	2989.90	982.26	133.50	-1.5	2412429	0.00e+00	1.00e-14	1.95e+02 8.36e-07	1.25e-02	4.42e-02
1.557	0.1221	9.35e-10	8.00e-10	2930.93	968.05	132.76	-1.5	2384850	0.00e+00	6.50e-15	1.28e+02 7.26e-07	1.09e-02	3.43e-02
1.593	0.1255	8.92e-10	7.63e-10	2873.16	954.13	132.03	-1.5	2357586	0.00e+00	4.29e-15	8.52e+01 6.60e-07	9.89e-03	2.68e-02
1.630	0.1290	8.51e-10	7.28e-10	2815.78	940.47	131.30	-1.5	2330634	0.00e+00	2.94e-15	5.89e+01 6.18e-07	9.26e-03	2.14e-02
1.668	0.1325	8.11e-10	6.94e-10	2759.62	927.02	130.58	-1.5	2303990	0.00e+00	2.14e-15	4.32e+01 5.97e-07	8.96e-03	1.76e-02
1.707	0.1362	7.74e-10	6.62e-10	2704.73	913.81	129.86	-1.5	2277650	0.00e+00	1.70e-15	3.47e+01 6.04e-07	9.06e-03	1.51e-02
1.746	0.1400	7.38e-10	6.31e-10	2650.64	900.80	129.15	-1.4	2251612	0.00e+00	1.50e-15	3.10e+01 6.44e-07	9.66e-03	1.37e-02
1.787	0.1439	7.04e-10	6.02e-10	2597.70	888.02	128.45	-1.4	2225871	0.00e+00	1.45e-15	3.03e+01 7.17e-07	1.07e-02	1.30e-02
1.829	0.1478	6.71e-10	5.74e-10	2545.35	875.53	127.74	-1.4	2200425	0.00e+00	1.48e-15	3.12e+01 8.18e-07	1.23e-02	1.26e-02
1.871	0.1520	6.39e-10	5.47e-10	2494.23	863.22	127.05	-1.4	2175269	0.00e+00	1.54e-15	3.27e+01 9.42e-07	1.41e-02	1.24e-02
1.915	0.1562	6.10e-10	5.22e-10	2443.95	851.11	126.36	-1.4	2150401	0.00e+00	1.61e-15	3.46e+01 1.09e-06	1.63e-02	1.22e-02
1.959	0.1605	5.81e-10	4.97e-10	2394.76	839.19	125.67	-1.4	2125817	0.00e+00	1.70e-15	3.68e+01 1.26e-06	1.88e-02	1.20e-02
2.005	0.1650	5.54e-10	4.74e-10	2346.23	827.46	124.99	-1.4	2101515	0.00e+00	1.79e-15	3.91e+01 1.45e-06	2.16e-02	1.19e-02
2.051	0.1696	5.28e-10	4.52e-10	2298.54	815.97	124.31	-1.4	2077490	0.00e+00	1.89e-15	4.17e+01 1.67e-06	2.49e-02	1.18e-02
2.099	0.1743	5.03e-10	4.31e-10	2251.85	804.72	123.64	-1.4	2053740	0.00e+00	2.00e-15	4.45e+01 1.93e-06	2.87e-02	1.17e-02
2.148	0.1792	4.80e-10	4.10e-10	2205.96	793.56	122.97	-1.4	2030261	0.00e+00	2.11e-15	4.75e+01 2.23e-06	3.30e-02	1.16e-02
2.198	0.1842	4.57e-10	3.91e-10	2161.03	782.59	122.30	-1.4	2007051	0.00e+00	2.24e-15	5.09e+01 2.57e-06	3.79e-02	1.15e-02
2.249	0.1893	4.36e-10	3.73e-10	2116.85	771.82	121.64	-1.4	1984106	0.00e+00	2.39e-15	5.47e+01 2.96e-06	4.34e-02	1.14e-02
2.301	0.1947	4.15e-10	3.55e-10	2073.44	761.33	120.99	-1.4	1961423	0.00e+00	2.55e-15	5.89e+01 3.42e-06	4.96e-02	1.13e-02
2.355	0.2001	3.95e-10	3.38e-10	2030.87	750.98	120.33	-1.4	1939000	0.00e+00	2.73e-15	6.36e+01 3.94e-06	5.66e-02	1.13e-02
2.410	0.2057	3.77e-10	3.22e-10	1989.04	740.73	119.68	-1.4	1916833	0.00e+00	2.93e-15	6.90e+01 4.55e-06	6.44e-02	1.12e-02
2.466	0.2115	3.59e-10	3.07e-10	1948.06	730.62	119.03	-1.4	1894920	0.00e+00	3.16e-15	7.51e+01 5.25e-06	7.29e-02	1.12e-02
2.523	0.2177	3.40e-10	2.91e-10	1902.25	722.85	118.31	-1.4	1873257	0.00e+00	3.45e-15	8.27e+01 6.17e-06	8.33e-02	1.13e-02
2.582	0.2247	3.20e-10	2.74e-10	1848.36	718.70	117.44	-1.4	1851841	0.00e+00	3.87e-15	9.30e+01 7.47e-06	9.67e-02	1.14e-02
2.642	0.2319	3.02e-10	2.58e-10	1796.06	714.55	116.58	-1.4	1830671	0.00e+00	4.37e-15	1.06e+02 9.05e-06	1.11e-01	1.16e-02
2.703	0.2394	2.84e-10	2.43e-10	1745.18	710.45	115.73	-1.4	1809742	0.00e+00	4.99e-15	1.21e+02 1.10e-05	1.26e-01	1.18e-02
2.766	0.2471	2.67e-10	2.29e-10	1695.68	706.39	114.89	-1.4	1789053	0.00e+00	5.77e-15	1.40e+02 1.34e-05	1.41e-01	1.21e-02
2.831	0.2550	2.52e-10	2.15e-10	1647.64	702.34	114.05	-1.4	1768600	0.00e+00	6.74e-15	1.65e+02 1.63e-05	1.56e-01	1.25e-02
2.897	0.2632	2.37e-10	2.03e-10	1600.90	698.34	113.21	-1.4	1748382	0.00e+00	7.95e-15	1.95e+02 1.98e-05	1.71e-01	1.30e-02
2.964	0.2717	2.23e-10	1.91e-10	1555.54	694.33	112.39	-1.5	1728394	0.00e+00	9.48e-15	2.33e+02 2.41e-05	1.85e-01	1.35e-02
3.033	0.2804	2.10e-10	1.80e-10	1511.52	690.33	111.57	-1.5	1708635	0.00e+00	1.14e-14	2.81e+02 2.94e-05	1.98e-01	1.42e-02
3.103	0.2894	1.98e-10	1.69e-10	1468.69	686.42	110.76	-1.5	1689101	0.00e+00	1.38e-14	3.42e+02 3.57e-05	2.10e-01	1.49e-02
3.176	0.2987	1.86e-10	1.59e-10	1427.02	682.46	109.95	-1.5	1669791	0.00e+00	1.68e-14	4.18e+02 4.33e-05	2.22e-01	1.57e-02
3.249	0.3083	1.75e-10	1.50e-10	1386.58	678.55	109.15	-1.5	1650702	0.00e+00	2.05e-14	5.13e+02 5.23e-05	2.33e-01	1.66e-02
3.325	0.3178	1.66e-10	1.42e-10	1350.58	673.02	108.43	-1.5	1631831	0.00e+00	2.48e-14	6.23e+02 6.20e-05	2.42e-01	1.75e-02
3.402	0.3269	1.57e-10	1.35e-10	1321.55	664.53	107.83	-1.5	1613176	0.00e+00	2.91e-14	7.38e+02 7.14e-05	2.49e-01	1.82e-02
3.482	0.3362	1.50e-10	1.28e-10	1293.07	656.14	107.23	-1.5	1594733	0.00e+00	3.42e-14	8.75e+02 8.20e-05	2.55e-01	1.90e-02
3.563	0.3458	1.43e-10	1.22e-10	1265.23	647.84	106.63	-1.5	1576502	0.00e+00	4.02e-14	1.04e+03 9.37e-05	2.61e-01	1.98e-02
3.645	0.3557	1.36e-10	1.16e-10	1237.91	639.64	106.04	-1.5	1558479	0.00e+00	4.73e-14	1.23e+03 1.07e-04	2.66e-01	2.06e-02
3.730	0.3658	1.29e-10	1.10e-10	1211.29	631.53	105.46	-1.5	1540663	0.00e+00	5.56e-14	1.46e+03 1.21e-04	2.71e-01	2.15e-02
3.817	0.3762	1.23e-10	1.05e-10	1185.53	623.47	104.88	-1.5	1523050	0.00e+00	6.52e-14	1.73e+03 1.36e-04	2.76e-01	2.24e-02
3.906	0.3869	1.17e-10	9.99e-11	1160.15	615.42	104.31	-1.5	1505638	0.00e+00	7.65e-14	2.04e+03 1.53e-04	2.80e-01	2.33e-02
3.997	0.3979	1.11e-10	9.51e-11	1135.51	607.50	103.74	-1.5	1488425	0.00e+00	8.96e-14	2.41e+03 1.71e-04	2.84e-01	2.43e-02
4.090	0.4092	1.06e-10	9.05e-11	1111.31	599.68	103.17	-1.5	1471409	0.00e+00	1.05e-13	2.85e+03 1.90e-04	2.88e-01	2.53e-02
4.185	0.4208	1.01e-10	8.61e-11	1087.56	591.96	102.61	-1.5	1454588	0.00e+00	1.22e-13	3.36e+03 2.10e-04	2.91e-01	2.63e-02
4.282	0.4328	9.58e-11	8.20e-11	1064.31	584.37	102.05	-1.5	1437959	0.00e+00	1.43e-13	3.95e+03 2.32e-04	2.94e-01	2.73e-02
4.382	0.4451	9.11e-11	7.80e-11	1041.48	576.94	101.49	-1.5	1421520	0.00e+00	1.67e-13	4.65e+03 2.54e-04	2.97e-01	2.84e-02
4.484	0.4579	8.67e-11	7.42e-11	1019.14	569.64	100.93	-1.5	1405269	0.00e+00	1.94e-13	5.46e+03 2.77e-04	3.00e-01	2.94e-02
4.588	0.4709	8.25e-11	7.06e-11	997.28	562.39	100.38	-1.5	1389204	0.00e+00	2.26e-13	6.41e+03 3.01e-04	3.03e-01	3.05e-02
4.695	0.4843	7.85e-11	6.72e-11	975.88	555.24	99.83	-1.5	1373322	0.00e+00	2.62e-13	7.50e+03 3.25e-04	3.05e-01	3.16e-02
4.804	0.4981	7.47e-11	6.39e-11	954.84	548.18	99.28	-1.5	1357622	0.00e+00	3.04e-13	8.77e+03 3.50e-04	3.07e-01	3.28e-02
4.916	0.5124	7.10e-11	6.08e-11	934.25	541.32	98.74	-1.5	1342102	0.00e+00	3.52e-13	1.02e+04 3.75e-04	3.09e-01	3.39e-02
5.030	0.5270	6.76e-11	5.78e-11	914.09	534.50	98.20	-1.5	1326759	0.00e+00	4.06e-13	1.19e+04 4.01e-04	3.11e-01	3.51e-02
5.147	0.5420	6.43e-11	5.50e-11	894.27	527.78	97.65	-1.5	1311591	0.00e+00	4.69e-13	1.39e+04 4.27e-04	3.12e-01	3.62e-02
5.267	0.5575	6.11e-11	5.23e-11	874.93	521.15	97.12	-1.5	1296597	0.00e+00	5.40e-13	1.61e+04 4.53e-04	3.14e-01	3.74e-02
5.389	0.5735	5.82e-11	4.98e-11	856.08	514.61	96.58	-1.5	1281774	0.00e+00	6.21e-13	1.87e+04 4.79e-04	3.15e-01	3.85e-02
5.515	0.5899	5.53e-11	4.73e-11	837.45	508.18	96.05	-1.4	1267120	0.00e+00	7.13e-13	2.17e+04 5.05e-04	3.16e-01	3.97e-02
5.643	0.6068	5.26e-11	4.50e-11	819.28	501.88	95.52	-1.4	1252634	0.00e+00	8.17e-13	2.50e+04 5.31e-04	3.17e-01	4.09e-02
5.774	0.6242	5.00e-11	4.28e-11	801.40	495.64	94.99	-1.4	1238314	0.00e+00	9.35e-13	2.89e+04 5.57e-04	3.18e-01	4.20e-02
5.908	0.6420	4.76e-11	4.07e-11	784.03	489.49	94.47	-1.4	1224157	0.00e+00	1.07e-12	3.33e+04 5.83e-04	3.18e-01	4.32e-02
6.046	0.6604	4.52e-11	3.87e-11	766.94	483.38	93.95	-1.4	1210163	0.00e+00	1.22e-12	3.83e+04 6.09e-04	3.18e-01	4.44e-02
6.187	0.6794	4.30e-11	3.68e-11	750.26	477.42	93.43	-1.4	1196328	0.00e+00	1.39e-12	4.40e+04 6.34e-04	3.19e-01	4.55e-02
6.330	0.6988	4.09e-11	3.50e-11	733.82	471.52	92.91	-1.4	1182651	0.00e+00	1.58e-12	5.05e+04 6.60e-04	3.19e-01	4.67e-02
6.478	0.7189	3.89e-11	3.33e-11	717.76	465.73	92.39	-1.4	1169131	0.00e+00	1.79e-12	5.78e+04 6.85e-04	3.19e-01	4.78e-02
6.628	0.7396	3.70e-11	3.16e-11	702.05	460.01	91.88	-1.4	1155765	0.00e+00	2.03e-12	6.61e+04 7.09e-04	3.19e-01	4.90e-02
6.783	0.7608	3.52e-11	3.01e-11	686.71	454.36	91.37	-1.4	1142553	0.00e+00	2.30e-12	7.54e+04 7.34e-04	3.18e-01	5.01e-02
6.940	0.7826	3.34e-11	2.86e-11	671.68	448.75	90.87	-1.4	1129491	0.00e+00	2.60e-12	8.59e+04 7.58e-04	3.18e-01	5.12e-02
7.102	0.8073	3.15e-11	2.70e-11	653.38	445.68	90.24	-1.4	1116578	0.00e+00	3.01e-12	9.99e+04 7.87e-04	3.18e-01	5.27e-02
7.267	0.8342	2.96e-11	2.53e-11	633.50	444.08	89.54	-1.5	1103813	0.00e+00	3.53e-12	1.17e+05 8.17e-04	3.20e-01	5.43e-02
7.436	0.8619	2.78e-11	2.38e-11	614.23	442.48	88.85	-1.5	1091194	0.00e+00	4.13e-12	1.38e+05 8.47e-04	3.21e-01	5.60e-02
7.609	0.8905	2.61e-11	2.23e-11	595.52	440.91	88.17	-1.5	1078720	0.00e+00	4.81e-12	1.61e+05 8.76e-04	3.22e-01	5.76e-02
7.786	0.9201	2.44e-11	2.09e-11	577.39	439.34	87.49	-1.5	1066388	0.00e+00	5.59e-12	1.87e+05 9.05e-04	3.22e-01	5.92e-02
7.967	0.9507	2.29e-11	1.96e-11	559.82	437.76	86.81	-1.5	1054197	0.00e+00	6.49e-12	2.18e+05 9.33e-04	3.23e-01	6.08e-02
8.153	0.9823	2.15e-11	1.84e-11	542.79	436.19	86.14	-1.5	1042145	0.00e+00	7.50e-12	2.53e+05 9.61e-04	3.23e-01	6.23e-02
8.342	1.0150	2.02e-11	1.73e-11	526.25	434.64	85.48	-1.5	1030231	0.00e+00	8.66e-12	2.92e+05 9.88e-04	3.23e-01	6.37e-02
8.536	1.0487	1.90e-11	1.62e-11	510.23	433.07	84.82	-1.5	1018453	0.00e+00	9.96e-12	3.37e+05 1.01e-03	3.23e-01	6.52e-02
8.735	1.0836	1.78e-11	1.52e-11	494.70	431.54	84.16	-1.5	1006810	0.00e+00	1.14e-11	3.88e+05 1.04e-03	3.22e-01	6.66e-02
8.938	1.1196	1.67e-11	1.43e-11	479.65	429.99	83.51	-1.6	995300	0.00e+00	1.31e-11	4.46e+05 1.07e-03	3.22e-01	6.79e-02
9.146	1.1568	1.57e-11	1.34e-11	465.06	428.44	82.87	-1.6	983922	0.00e+00	1.50e-11	5.10e+05 1.09e-03	3.21e-01	6.92e-02
9.359	1.1953	1.47e-11	1.26e-11	450.90	426.91	82.23	-1.6	972673	0.00e+00	1.71e-11	5.84e+05 1.12e-03	3.20e-01	7.04e-02
9.576	1.2350	1.38e-11	1.18e-11	437.18	425.39	81.60	-1.6	961554	0.00e+00	1.95e-11	6.66e+05 1.14e-03	3.19e-01	7.16e-02
9.799	1.2761	1.29e-11	1.11e-11	423.87	423.86	80.97	-1.6	950561	0.00e+00	2.21e-11	7.58e+05 1.16e-03	3.17e-01	7.27e-02
10.027	1.3185	1.21e-11	1.04e-11	410.96	422.36	80.34	-1.6	939694	0.00e+00	2.51e-11	8.62e+05 1.19e-03	3.16e-01	7.38e-02
10.260	1.3623	1.14e-11	9.75e-12	398.44	420.83	79.72	-1.6	928951	0.00e+00	2.84e-11	9.78e+05 1.21e-03	3.14e-01	7.48e-02
10.499	1.4076	1.07e-11	9.15e-12	386.33	419.33	79.11	-1.7	918331	0.00e+00	3.20e-11	1.11e+06 1.23e-03	3.13e-01	7.58e-02
10.743	1.4544	1.00e-11	8.58e-12	374.57	417.85	78.50	-1.7	907833	0.00e+00	3.61e-11	1.25e+06 1.25e-03	3.11e-01	7.67e-02
10.993	1.5011	9.45e-12	8.08e-12	363.95	415.42	77.94	-1.7	897454	0.00e+00	4.04e-11	1.40e+06 1.27e-03	3.09e-01	7.74e-02
11.249	1.5460	8.95e-12	7.66e-12	355.20	411.25	77.46	-1.7	887195	0.00e+00	4.44e-11	1.56e+06 1.29e-03	3.06e-01	7.79e-02
11.511	1.5921	8.48e-12	7.26e-12	346.65	407.10	76.99	-1.7	877052	0.00e+00	4.89e-11	1.72e+06 1.31e-03	3.03e-01	7.84e-02
11.778	1.6397	8.04e-12	6.88e-12	338.33	403.00	76.52	-1.7	867025	0.00e+00	5.37e-11	1.90e+06 1.32e-03	3.00e-01	7.88e-02
12.052	1.6886	7.62e-12	6.52e-12	330.18	398.92	76.06	-1.7	857114	0.00e+00	5.55e-11	1.98e+06 1.27e-03	2.92e-01	7.69e-02
12.333	1.7390	7.22e-12	6.18e-12	322.24	394.90	75.60	-1.7	847315	0.00e+00	5.02e-11	1.81e+06 1.07e-03	2.75e-01	7.01e-02
12.620	1.7910	6.84e-12	5.85e-12	314.48	390.91	75.14	-1.7	837628	0.00e+00	4.69e-11	1.70e+06 9.33e-04	2.61e-01	6.50e-02
12.913	1.8433	6.49e-12	5.56e-12	307.30	386.48	74.70	-1.7	828052	0.00e+00	4.39e-11	1.60e+06 8.17e-04	2.48e-01	6.04e-02
13.214	1.8960	6.18e-12	5.29e-12	300.63	381.66	74.29	-1.7	818586	0.00e+00	4.13e-11	1.52e+06 7.22e-04	2.36e-01	5.63e-02
13.521	1.9504	5.87e-12	5.03e-12	294.11	376.92	73.89	-1.7	809228	0.00e+00	3.96e-11	1.47e+06 6.49e-04	2.25e-01	5.30e-02
13.835	2.0062	5.59e-12	4.78e-12	287.73	372.22	73.48	-1.7	799977	0.00e+00	3.85e-11	1.44e+06 5.92e-04	2.16e-01	5.03e-02
14.157	2.0636	5.31e-12	4.55e-12	281.47	367.57	73.08	-1.7	790831	0.00e+00	3.79e-11	1.43e+06 5.46e-04	2.08e-01	4.80e-02
14.487	2.1227	5.05e-12	4.32e-12	275.35	363.00	72.68	-1.7	781790	0.00e+00	3.76e-11	1.43e+06 5.08e-04	2.01e-01	4.59e-02
14.824	2.1833	4.81e-12	4.11e-12	269.40	358.44	72.28	-1.7	772853	0.00e+00	3.75e-11	1.44e+06 4.76e-04	1.94e-01	4.41e-02
15.168	2.2457	4.57e-12	3.91e-12	263.56	353.94	71.89	-1.7	764017	0.00e+00	3.77e-11	1.46e+06 4.49e-04	1.88e-01	4.26e-02
15.521	2.3099	4.35e-12	3.72e-12	257.87	349.50	71.49	-1.7	755283	0.00e+00	3.81e-11	1.49e+06 4.25e-04	1.83e-01	4.11e-02
15.882	2.3760	4.14e-12	3.54e-12	252.29	345.14	71.10	-1.7	746648	0.00e+00	3.87e-11	1.52e+06 4.05e-04	1.77e-01	3.99e-02
16.252	2.4439	3.93e-12	3.37e-12	246.83	340.80	70.72	-1.7	738113	0.00e+00	3.94e-11	1.56e+06 3.87e-04	1.72e-01	3.87e-02
16.630	2.5137	3.74e-12	3.20e-12	241.50	336.51	70.33	-1.7	729674	0.00e+00	4.02e-11	1.61e+06 3.71e-04	1.68e-01	3.76e-02
17.017	2.5854	3.56e-12	3.05e-12	236.31	332.24	69.95	-1.7	721333	0.00e+00	4.12e-11	1.66e+06 3.57e-04	1.63e-01	3.66e-02
17.413	2.6591	3.39e-12	2.90e-12	231.21	328.04	69.57	-1.7	713086	0.00e+00	4.23e-11	1.72e+06 3.44e-04	1.59e-01	3.57e-02
17.818	2.7350	3.22e-12	2.76e-12	226.25	323.90	69.19	-1.7	704934	0.00e+00	4.35e-11	1.79e+06 3.33e-04	1.55e-01	3.48e-02
18.232	2.8130	3.07e-12	2.62e-12	221.37	319.80	68.81	-1.7	696875	0.00e+00	4.49e-11	1.86e+06 3.22e-04	1.51e-01	3.40e-02
18.656	2.8932	2.92e-12	2.50e-12	216.61	315.74	68.44	-1.7	688909	0.00e+00	4.64e-11	1.94e+06 3.13e-04	1.47e-01	3.32e-02
19.090	2.9755	2.78e-12	2.37e-12	211.98	311.69	68.07	-1.7	681033	0.00e+00	4.79e-11	2.02e+06 3.04e-04	1.44e-01	3.25e-02
19.534	3.0601	2.64e-12	2.26e-12	207.46	307.68	67.71	-1.7	673247	0.00e+00	4.96e-11	2.11e+06 2.96e-04	1.40e-01	3.18e-02
19.989	3.1471	2.51e-12	2.15e-12	203.04	303.75	67.34	-1.6	665551	0.00e+00	5.14e-11	2.20e+06 2.89e-04	1.37e-01	3.11e-02
20.454	3.2366	2.39e-12	2.05e-12	198.70	299.84	66.98	-1.6	657942	0.00e+00	5.33e-11	2.30e+06 2.82e-04	1.34e-01	3.05e-02
20.930	3.3286	2.28e-12	1.95e-12	194.47	296.00	66.62	-1.6	650420	0.00e+00	5.53e-11	2.41e+06 2.76e-04	1.31e-01	2.99e-02
21.416	3.4254	2.16e-12	1.85e-12	190.06	292.57	66.24	-1.6	642984	0.00e+00	5.79e-11	2.54e+06 2.71e-04	1.28e-01	2.94e-02
21.915	3.5258	2.05e-12	1.76e-12	185.69	289.30	65.85	-1.6	635634	0.00e+00	6.07e-11	2.69e+06 2.66e-04	1.25e-01	2.89e-02
22.424	3.6290	1.95e-12	1.67e-12	181.43	286.06	65.47	-1.6	628367	0.00e+00	6.36e-11	2.84e+06 2.62e-04	1.23e-01	2.84e-02
22.946	3.7353	1.85e-12	1.58e-12	177.26	282.86	65.09	-1.6	621184	0.00e+00	6.68e-11	3.00e+06 2.58e-04	1.20e-01	2.79e-02
23.480	3.8447	1.75e-12	1.50e-12	173.19	279.69	64.72	-1.6	614082	0.00e+00	7.01e-11	3.17e+06 2.54e-04	1.18e-01	2.75e-02
24.026	3.9574	1.67e-12	1.43e-12	169.21	276.57	64.34	-1.6	607062	0.00e+00	7.36e-11	3.35e+06 2.50e-04	1.15e-01	2.70e-02
24.585	4.0734	1.58e-12	1.35e-12	165.31	273.50	63.97	-1.6	600122	0.00e+00	7.73e-11	3.55e+06 2.47e-04	1.13e-01	2.66e-02
25.157	4.1931	1.50e-12	1.28e-12	161.48	270.49	63.59	-1.6	593261	0.00e+00	8.13e-11	3.76e+06 2.44e-04	1.11e-01	2.62e-02
25.742	4.3163	1.42e-12	1.22e-12	157.75	267.51	63.22	-1.6	586479	0.00e+00	8.55e-11	3.98e+06 2.41e-04	1.08e-01	2.58e-02
26.341	4.4431	1.35e-12	1.16e-12	154.09	264.55	62.85	-1.6	579774	0.00e+00	8.99e-11	4.22e+06 2.38e-04	1.06e-01	2.54e-02
26.954	4.5734	1.28e-12	1.10e-12	150.54	261.62	62.49	-1.7	573146	0.00e+00	9.45e-11	4.47e+06 2.35e-04	1.04e-01	2.50e-02
27.581	4.7078	1.22e-12	1.04e-12	147.05	258.74	62.12	-1.7	566594	0.00e+00	9.95e-11	4.74e+06 2.33e-04	1.02e-01	2.46e-02
28.222	4.8435	1.16e-12	9.90e-13	143.80	255.61	61.78	-1.6	560116	0.00e+00	1.04e-10	5.00e+06 2.30e-04	9.97e-02	2.42e-02
28.879	4.9790	1.10e-12	9.43e-13	140.85	252.11	61.46	-1.6	553713	0.00e+00	1.09e-10	5.26e+06 2.27e-04	9.75e-02	2.38e-02
29.551	5.1185	1.05e-12	8.99e-13	137.98	248.68	61.14	-1.6	547383	0.00e+00	1.13e-10	5.53e+06 2.24e-04	9.55e-02	2.34e-02
30.238	5.2617	1.00e-12	8.56e-13	135.14	245.27	60.82	-1.6	541125	0.00e+00	1.18e-10	5.82e+06 2.21e-04	9.34e-02	2.30e-02
30.941	5.4089	9.53e-13	8.16e-13	132.37	241.91	60.51	-1.6	534939	0.00e+00	1.23e-10	6.13e+06 2.18e-04	9.14e-02	2.26e-02
31.661	5.5600	9.09e-13	7.77e-13	129.67	238.57	60.20	-1.6	528823	0.00e+00	1.28e-10	6.45e+06 2.16e-04	8.95e-02	2.23e-02
32.398	5.7148	8.66e-13	7.41e-13	127.05	235.24	59.89	-1.6	522778	0.00e+00	1.34e-10	6.79e+06 2.13e-04	8.76e-02	2.19e-02
33.151	5.8737	8.26e-13	7.06e-13	124.49	231.93	59.59	-1.6	516801	0.00e+00	1.40e-10	7.15e+06 2.11e-04	8.57e-02	2.15e-02
33.922	6.0370	7.87e-13	6.74e-13	121.98	228.68	59.28	-1.6	510893	0.00e+00	1.46e-10	7.53e+06 2.08e-04	8.39e-02	2.12e-02
34.712	6.2049	7.50e-13	6.42e-13	119.52	225.47	58.98	-1.6	505053	0.00e+00	1.52e-10	7.93e+06 2.06e-04	8.22e-02	2.08e-02
35.519	6.3770	7.16e-13	6.12e-13	117.13	222.28	58.69	-1.6	499279	0.00e+00	1.59e-10	8.35e+06 2.04e-04	8.04e-02	2.05e-02
36.345	6.5532	6.82e-13	5.84e-13	114.81	219.08	58.39	-1.6	493571	0.00e+00	1.66e-10	8.80e+06 2.02e-04	7.87e-02	2.02e-02
37.191	6.7342	6.51e-13	5.57e-13	112.53	215.92	58.10	-1.6	487928	0.00e+00	1.73e-10	9.27e+06 2.00e-04	7.71e-02	1.98e-02
38.056	6.9203	6.21e-13	5.31e-13	110.30	212.82	57.81	-1.6	482350	0.00e+00	1.80e-10	9.76e+06 1.98e-04	7.55e-02	1.95e-02
38.941	7.1116	5.92e-13	5.07e-13	108.11	209.77	57.52	-1.6	476836	0.00e+00	1.88e-10	1.03e+07 1.96e-04	7.39e-02	1.92e-02
39.847	7.3070	5.65e-13	4.84e-13	106.00	206.70	57.24	-1.6	471385	0.00e+00	1.96e-10	1.08e+07 1.95e-04	7.24e-02	1.89e-02
40.774	7.5077	5.39e-13	4.61e-13	103.94	203.66	56.96	-1.6	465996	0.00e+00	2.05e-10	1.14e+07 1.93e-04	7.09e-02	1.86e-02
41.723	7.7136	5.15e-13	4.40e-13	101.92	200.65	56.68	-1.6	460669	0.00e+00	2.14e-10	1.20e+07 1.92e-04	6.94e-02	1.83e-02
42.693	7.9253	4.91e-13	4.20e-13	99.93	197.70	56.40	-1.6	455402	0.00e+00	2.23e-10	1.27e+07 1.90e-04	6.79e-02	1.81e-02
43.686	8.1426	4.69e-13	4.01e-13	97.99	194.78	56.13	-1.6	450196	0.00e+00	2.33e-10	1.34e+07 1.89e-04	6.65e-02	1.78e-02
44.703	8.3647	4.48e-13	3.83e-13	96.12	191.84	55.86	-1.6	445049	0.00e+00	2.43e-10	1.41e+07 1.87e-04	6.52e-02	1.75e-02
45.742	8.5924	4.27e-13	3.66e-13	94.29	188.94	55.59	-1.6	439961	0.00e+00	2.53e-10	1.48e+07 1.86e-04	6.38e-02	1.72e-02
46.806	8.8266	4.08e-13	3.49e-13	92.48	186.09	55.32	-1.5	434932	0.00e+00	2.64e-10	1.56e+07 1.84e-04	6.25e-02	1.70e-02
47.895	9.0671	3.90e-13	3.34e-13	90.72	183.27	55.05	-1.5	429959	0.00e+00	2.76e-10	1.64e+07 1.83e-04	6.12e-02	1.67e-02
49.009	9.3133	3.72e-13	3.19e-13	89.00	180.47	54.79	-1.5	425044	0.00e+00	2.88e-10	1.73e+07 1.82e-04	5.99e-02	1.65e-02
50.150	9.5654	3.56e-13	3.04e-13	87.34	177.68	54.53	-1.5	420185	0.00e+00	3.00e-10	1.83e+07 1.81e-04	5.87e-02	1.62e-02
51.316	9.8241	3.40e-13	2.91e-13	85.70	174.93	54.28	-1.5	415381	0.00e+00	3.13e-10	1.92e+07 1.80e-04	5.75e-02	1.60e-02
52.510	10.0899	3.25e-13	2.78e-13	84.09	172.22	54.02	-1.5	410633	0.00e+00	3.26e-10	2.03e+07 1.79e-04	5.63e-02	1.57e-02
53.731	10.3627	3.10e-13	2.65e-13	82.52	169.55	53.77	-1.5	405938	0.00e+00	3.40e-10	2.14e+07 1.78e-04	5.52e-02	1.55e-02
54.981	10.6416	2.97e-13	2.54e-13	81.01	166.88	53.52	-1.5	401297	0.00e+00	3.55e-10	2.25e+07 1.77e-04	5.40e-02	1.53e-02
56.260	10.9274	2.83e-13	2.43e-13	79.51	164.24	53.27	-1.5	396710	0.00e+00	3.70e-10	2.37e+07 1.76e-04	5.29e-02	1.50e-02
57.569	11.2215	2.71e-13	2.32e-13	78.06	161.65	53.02	-1.5	392175	0.00e+00	3.86e-10	2.50e+07 1.75e-04	5.18e-02	1.48e-02
58.908	11.5228	2.59e-13	2.22e-13	76.61	159.09	52.78	-1.5	387691	0.00e+00	4.02e-10	2.63e+07 1.74e-04	5.08e-02	1.46e-02
60.279	11.8317	2.48e-13	2.12e-13	75.23	156.55	52.54	-1.5	383259	0.00e+00	4.19e-10	2.77e+07 1.73e-04	4.97e-02	1.44e-02
61.681	12.1477	2.37e-13	2.03e-13	73.87	154.02	52.30	-1.5	378878	0.00e+00	4.37e-10	2.92e+07 1.72e-04	4.87e-02	1.42e-02
63.116	12.4719	2.27e-13	1.94e-13	72.53	151.53	52.06	-1.5	374546	0.00e+00	4.56e-10	3.07e+07 1.71e-04	4.77e-02	1.40e-02
64.584	12.8051	2.17e-13	1.85e-13	71.22	149.08	51.82	-1.5	370264	0.00e+00	4.77e-10	3.25e+07 1.71e-04	4.68e-02	1.38e-02
66.086	13.1470	2.07e-13	1.77e-13	69.95	146.68	51.59	-1.4	366031	0.00e+00	5.01e-10	3.45e+07 1.72e-04	4.59e-02	1.37e-02
67.624	13.4957	1.98e-13	1.70e-13	68.69	144.26	51.36	-1.4	361847	0.00e+00	5.27e-10	3.67e+07 1.72e-04	4.51e-02	1.35e-02
69.197	13.8546	1.90e-13	1.62e-13	67.47	141.90	51.13	-1.4	357710	0.00e+00	5.54e-10	3.90e+07 1.73e-04	4.43e-02	1.34e-02
70.806	14.2229	1.82e-13	1.55e-13	66.27	139.57	50.90	-1.4	353621	0.00e+00	5.83e-10	4.14e+07 1.74e-04	4.35e-02	1.32e-02
72.454	14.6274	1.73e-13	1.48e-13	64.86	137.78	50.62	-1.4	349578	0.00e+00	6.16e-10	4.42e+07 1.74e-04	4.27e-02	1.31e-02
74.139	15.0982	1.63e-13	1.39e-13	63.01	137.01	50.26	-1.4	345582	0.00e+00	6.60e-10	4.75e+07 1.75e-04	4.19e-02	1.30e-02
75.864	15.5831	1.53e-13	1.31e-13	61.23	136.22	49.90	-1.4	341631	0.00e+00	7.07e-10	5.11e+07 1.75e-04	4.12e-02	1.28e-02
77.628	16.0826	1.44e-13	1.23e-13	59.51	135.42	49.54	-1.4	337725	0.00e+00	7.58e-10	5.49e+07 1.76e-04	4.05e-02	1.27e-02
79.434	16.5964	1.36e-13	1.16e-13	57.83	134.60	49.19	-1.5	333864	0.00e+00	8.11e-10	5.90e+07 1.76e-04	3.98e-02	1.25e-02
81.282	17.1271	1.28e-13	1.09e-13	56.22	133.79	48.85	-1.5	330048	0.00e+00	8.67e-10	6.34e+07 1.77e-04	3.91e-02	1.24e-02
83.173	17.6728	1.20e-13	1.03e-13	54.65	132.96	48.50	-1.5	326274	0.00e+00	9.28e-10	6.81e+07 1.77e-04	3.84e-02	1.22e-02
85.108	18.2356	1.13e-13	9.71e-14	53.13	132.12	48.16	-1.5	322544	0.00e+00	9.92e-10	7.31e+07 1.77e-04	3.77e-02	1.21e-02
87.087	18.8150	1.07e-13	9.15e-14	51.66	131.28	47.82	-1.5	318857	0.00e+00	1.06e-09	7.84e+07 1.78e-04	3.70e-02	1.19e-02
89.113	19.4107	1.01e-13	8.63e-14	50.23	130.41	47.49	-1.5	315212	0.00e+00	1.13e-09	8.41e+07 1.78e-04	3.63e-02	1.18e-02
91.186	20.0266	9.50e-14	8.13e-14	48.85	129.56	47.16	-1.5	311608	0.00e+00	1.21e-09	9.02e+07 1.79e-04	3.57e-02	1.16e-02
93.308	20.6540	8.97e-14	7.67e-14	47.55	128.62	46.84	-1.5	308046	0.00e+00	1.29e-09	9.66e+07 1.79e-04	3.50e-02	1.15e-02
95.478	21.2646	8.51e-14	7.28e-14	46.42	127.25	46.56	-1.5	304524	0.00e+00	1.37e-09	1.03e+08 1.80e-04	3.44e-02	1.14e-02
97.699	21.8962	8.06e-14	6.90e-14	45.33	125.92	46.29	-1.5	301043	0.00e+00	1.45e-09	1.10e+08 1.80e-04	3.37e-02	1.12e-02
99.972	22.5485	7.64e-14	6.54e-14	44.24	124.64	46.00	-1.5	297601	0.00e+00	1.54e-09	1.17e+08 1.80e-04	3.31e-02	1.11e-02
102.298	23.2246	7.24e-14	6.20e-14	43.17	123.41	45.72	-1.5	294199	0.00e+00	1.63e-09	1.25e+08 1.81e-04	3.25e-02	1.09e-02
104.677	23.9221	6.86e-14	5.87e-14	42.11	122.20	45.44	-1.5	290836	0.00e+00	1.73e-09	1.34e+08 1.81e-04	3.19e-02	1.08e-02
107.112	24.6430	6.49e-14	5.56e-14	41.08	121.04	45.16	-1.5	287511	0.00e+00	1.84e-09	1.43e+08 1.82e-04	3.13e-02	1.07e-02
109.604	25.3618	6.17e-14	5.28e-14	40.15	119.65	44.90	-1.5	284224	0.00e+00	1.94e-09	1.52e+08 1.82e-04	3.07e-02	1.06e-02
112.154	26.0355	5.90e-14	5.05e-14	39.43	117.69	44.70	-1.5	280975	0.00e+00	2.04e-09	1.61e+08 1.83e-04	3.02e-02	1.04e-02
114.763	26.7279	5.64e-14	4.83e-14	38.73	115.76	44.50	-1.5	277763	0.00e+00	2.14e-09	1.71e+08 1.83e-04	2.96e-02	1.03e-02
117.432	27.4385	5.40e-14	4.62e-14	38.03	113.87	44.30	-1.5	274587	0.00e+00	2.24e-09	1.81e+08 1.84e-04	2.90e-02	1.02e-02
120.164	28.1679	5.17e-14	4.42e-14	37.35	112.00	44.10	-1.5	271448	0.00e+00	2.35e-09	1.92e+08 1.84e-04	2.85e-02	1.01e-02
122.959	28.9157	4.94e-14	4.23e-14	36.69	110.16	43.90	-1.5	268345	0.00e+00	2.46e-09	2.04e+08 1.85e-04	2.79e-02	9.96e-03
125.820	29.6842	4.73e-14	4.05e-14	36.04	108.35	43.71	-1.5	265277	0.00e+00	2.58e-09	2.16e+08 1.85e-04	2.74e-02	9.85e-03
128.746	30.4714	4.53e-14	3.87e-14	35.40	106.57	43.51	-1.5	262244	0.00e+00	2.71e-09	2.28e+08 1.86e-04	2.69e-02	9.74e-03
131.741	31.2813	4.33e-14	3.71e-14	34.77	104.82	43.32	-1.5	259246	0.00e+00	2.84e-09	2.42e+08 1.86e-04	2.64e-02	9.62e-03
134.806	32.1102	4.14e-14	3.55e-14	34.16	103.09	43.12	-1.5	256283	0.00e+00	2.97e-09	2.56e+08 1.87e-04	2.59e-02	9.51e-03
137.942	32.9611	3.97e-14	3.39e-14	33.55	101.38	42.93	-1.4	253353	0.00e+00	3.12e-09	2.71e+08 1.87e-04	2.54e-02	9.40e-03
141.151	33.8349	3.80e-14	3.25e-14	32.96	99.71	42.74	-1.4	250456	0.00e+00	3.26e-09	2.87e+08 1.88e-04	2.49e-02	9.29e-03
144.434	34.7323	3.63e-14	3.11e-14	32.38	98.06	42.55	-1.4	247593	0.00e+00	3.42e-09	3.04e+08 1.88e-04	2.44e-02	9.18e-03
147.794	35.6517	3.48e-14	2.97e-14	31.81	96.43	42.36	-1.4	244763	0.00e+00	3.58e-09	3.22e+08 1.89e-04	2.40e-02	9.08e-03
151.232	36.5960	3.33e-14	2.85e-14	31.25	94.84	42.18	-1.4	241965	0.00e+00	3.75e-09	3.41e+08 1.89e-04	2.35e-02	8.97e-03
154.750	37.5648	3.18e-14	2.72e-14	30.69	93.26	41.99	-1.4	239198	0.00e+00	3.93e-09	3.61e+08 1.90e-04	2.31e-02	8.87e-03
158.350	38.5613	3.05e-14	2.61e-14	30.15	91.73	41.80	-1.4	236464	0.00e+00	4.12e-09	3.82e+08 1.90e-04	2.26e-02	8.76e-03
162.034	39.5813	2.92e-14	2.49e-14	29.62	90.20	41.62	-1.4	233761	0.00e+00	4.32e-09	4.04e+08 1.91e-04	2.22e-02	8.66e-03
165.803	40.6292	2.79e-14	2.39e-14	29.10	88.70	41.43	-1.4	231088	0.00e+00	4.52e-09	4.28e+08 1.91e-04	2.18e-02	8.56e-03
169.660	41.7032	2.67e-14	2.28e-14	28.59	87.23	41.25	-1.4	228446	0.00e+00	4.74e-09	4.53e+08 1.92e-04	2.14e-02	8.46e-03
173.607	42.8085	2.56e-14	2.19e-14	28.09	85.78	41.07	-1.4	225835	0.00e+00	4.96e-09	4.79e+08 1.92e-04	2.09e-02	8.36e-03
177.645	43.9414	2.45e-14	2.09e-14	27.59	84.36	40.88	-1.4	223253	0.00e+00	5.19e-09	5.07e+08 1.93e-04	2.05e-02	8.26e-03
181.778	45.1044	2.34e-14	2.00e-14	27.11	82.96	40.70	-1.4	220701	0.00e+00	5.44e-09	5.37e+08 1.93e-04	2.02e-02	8.16e-03
186.006	46.2983	2.24e-14	1.92e-14	26.63	81.58	40.52	-1.4	218178	0.00e+00	5.70e-09	5.68e+08 1.94e-04	1.98e-02	8.06e-03
190.333	47.5241	2.14e-14	1.83e-14	26.16	80.23	40.34	-1.3	215683	0.00e+00	5.96e-09	6.01e+08 1.94e-04	1.94e-02	7.97e-03
194.761	48.7828	2.05e-14	1.76e-14	25.70	78.90	40.16	-1.3	213218	0.00e+00	6.25e-09	6.36e+08 1.94e-04	1.90e-02	7.87e-03
199.292	50.0735	1.96e-14	1.68e-14	25.25	77.59	39.99	-1.3	210780	0.00e+00	6.54e-09	6.73e+08 1.95e-04	1.87e-02	7.78e-03
203.928	51.3991	1.88e-14	1.61e-14	24.80	76.30	39.81	-1.3	208370	0.00e+00	6.85e-09	7.11e+08 1.95e-04	1.83e-02	7.69e-03
208.671	52.7627	1.80e-14	1.54e-14	24.36	75.04	39.63	-1.3	205988	0.00e+00	7.17e-09	7.53e+08 1.96e-04	1.79e-02	7.59e-03
213.526	54.1592	1.72e-14	1.47e-14	23.93	73.80	39.46	-1.3	203633	0.00e+00	7.51e-09	7.96e+08 1.96e-04	1.76e-02	7.50e-03
218.493	55.5939	1.65e-14	1.41e-14	23.51	72.57	39.28	-1.3	201305	0.00e+00	7.86e-09	8.42e+08 1.96e-04	1.73e-02	7.41e-03
223.575	57.0705	1.58e-14	1.35e-14	23.10	71.38	39.11	-1.3	199004	0.00e+00	8.23e-09	8.91e+08 1.97e-04	1.69e-02	7.32e-03
228.776	58.5806	1.51e-14	1.29e-14	22.68	70.20	38.93	-1.3	196729	0.00e+00	8.62e-09	9.42e+08 1.97e-04	1.66e-02	7.23e-03
234.098	60.1350	1.44e-14	1.24e-14	22.28	69.04	38.76	-1.3	194480	0.00e+00	9.02e-09	9.96e+08 1.97e-04	1.63e-02	7.15e-03
239.544	61.7329	1.38e-14	1.18e-14	21.89	67.91	38.59	-1.3	192257	0.00e+00	9.44e-09	1.05e+09 1.98e-04	1.60e-02	7.06e-03
245.116	63.3701	1.32e-14	1.13e-14	21.50	66.79	38.41	-1.3	190059	0.00e+00	9.89e-09	1.11e+09 1.98e-04	1.57e-02	6.97e-03
250.818	65.0533	1.26e-14	1.08e-14	21.12	65.69	38.24	-1.3	187886	0.00e+00	1.04e-08	1.18e+09 1.98e-04	1.54e-02	6.89e-03
256.653	66.7843	1.21e-14	1.04e-14	20.74	64.62	38.07	-1.3	185738	0.00e+00	1.08e-08	1.25e+09 1.99e-04	1.51e-02	6.80e-03
262.623	68.5583	1.16e-14	9.91e-15	20.37	63.56	37.90	-1.3	183615	0.00e+00	1.13e-08	1.32e+09 1.99e-04	1.48e-02	6.72e-03
268.733	70.3830	1.11e-14	9.48e-15	20.01	62.52	37.73	-1.2	181516	0.00e+00	1.19e-08	1.39e+09 1.99e-04	1.45e-02	6.64e-03
274.984	72.2569	1.06e-14	9.07e-15	19.65	61.50	37.56	-1.2	179440	0.00e+00	1.24e-08	1.47e+09 2.00e-04	1.42e-02	6.56e-03
281.381	74.1814	1.01e-14	8.67e-15	19.30	60.50	37.39	-1.2	177389	0.00e+00	1.30e-08	1.56e+09 2.00e-04	1.39e-02	6.48e-03
287.926	76.1611	9.69e-15	8.29e-15	18.95	59.52	37.22	-1.2	175361	0.00e+00	1.36e-08	1.65e+09 2.00e-04	1.37e-02	6.40e-03
294.624	78.1920	9.27e-15	7.93e-15	18.61	58.55	37.05	-1.2	173356	0.00e+00	1.43e-08	1.74e+09 2.01e-04	1.34e-02	6.32e-03
301.478	80.2806	8.87e-15	7.59e-15	18.28	57.61	36.88	-1.2	171375	0.00e+00	1.49e-08	1.84e+09 2.01e-04	1.31e-02	6.24e-03
308.491	82.4248	8.48e-15	7.26e-15	17.94	56.68	36.71	-1.2	169415	0.00e+00	1.57e-08	1.95e+09 2.01e-04	1.29e-02	6.16e-03
315.667	84.6307	8.11e-15	6.94e-15	17.62	55.77	36.55	-1.2	167479	0.00e+00	1.64e-08	2.06e+09 2.01e-04	1.26e-02	6.09e-03
323.010	86.8959	7.76e-15	6.64e-15	17.30	54.88	36.38	-1.2	165564	0.00e+00	1.72e-08	2.18e+09 2.01e-04	1.24e-02	6.01e-03
330.524	89.2246	7.42e-15	6.34e-15	16.98	54.00	36.21	-1.2	163671	0.00e+00	1.80e-08	2.30e+09 2.02e-04	1.22e-02	5.94e-03
338.213	91.6191	7.09e-15	6.07e-15	16.67	53.14	36.05	-1.2	161800	0.00e+00	1.88e-08	2.44e+09 2.02e-04	1.19e-02	5.86e-03
346.081	94.0791	6.78e-15	5.80e-15	16.37	52.30	35.88	-1.2	159950	0.00e+00	1.97e-08	2.57e+09 2.02e-04	1.17e-02	5.79e-03
354.132	96.6092	6.48e-15	5.54e-15	16.07	51.47	35.71	-1.2	158122	0.00e+00	2.07e-08	2.72e+09 2.02e-04	1.15e-02	5.72e-03
362.369	99.2064	6.19e-15	5.30e-15	15.77	50.66	35.55	-1.2	156314	0.00e+00	2.16e-08	2.88e+09 2.02e-04	1.12e-02	5.64e-03
370.799	101.8845	5.92e-15	5.06e-15	15.48	49.87	35.38	-1.2	154527	0.00e+00	2.27e-08	3.04e+09 2.03e-04	1.10e-02	5.57e-03
379.425	104.6314	5.66e-15	4.84e-15	15.19	49.09	35.22	-1.2	152761	0.00e+00	2.37e-08	3.22e+09 2.03e-04	1.08e-02	5.50e-03
388.251	107.4587	5.40e-15	4.62e-15	14.91	48.33	35.05	-1.2	151014	0.00e+00	2.49e-08	3.40e+09 2.03e-04	1.06e-02	5.43e-03
397.283	110.3658	5.16e-15	4.42e-15	14.63	47.58	34.89	-1.2	149288	0.00e+00	2.61e-08	3.60e+09 2.03e-04	1.04e-02	5.36e-03
406.525	113.3556	4.93e-15	4.22e-15	14.35	46.85	34.72	-1.1	147581	0.00e+00	2.73e-08	3.81e+09 2.03e-04	1.02e-02	5.29e-03
415.981	116.4310	4.71e-15	4.03e-15	14.08	46.13	34.56	-1.1	145894	0.00e+00	2.86e-08	4.02e+09 2.03e-04	1.00e-02	5.23e-03
425.658	119.5949	4.50e-15	3.85e-15	13.82	45.42	34.39	-1.1	144226	0.00e+00	3.00e-08	4.26e+09 2.03e-04	9.80e-03	5.16e-03
435.560	122.8505	4.30e-15	3.68e-15	13.55	44.74	34.23	-1.1	142577	0.00e+00	3.14e-08	4.50e+09 2.03e-04	9.61e-03	5.09e-03
445.692	126.2012	4.10e-15	3.51e-15	13.29	44.06	34.06	-1.1	140947	0.00e+00	3.29e-08	4.76e+09 2.03e-04	9.42e-03	5.03e-03
456.060	129.6415	3.92e-15	3.35e-15	13.04	43.40	33.90	-1.1	139336	0.00e+00	3.45e-08	5.03e+09 2.03e-04	9.24e-03	4.96e-03
466.669	133.1877	3.74e-15	3.20e-15	12.79	42.75	33.73	-1.1	137743	0.00e+00	3.62e-08	5.32e+09 2.03e-04	9.06e-03	4.90e-03
477.525	136.8396	3.57e-15	3.05e-15	12.54	42.12	33.57	-1.1	136168	0.00e+00	3.80e-08	5.63e+09 2.03e-04	8.88e-03	4.83e-03
488.633	140.5909	3.41e-15	2.92e-15	12.30	41.50	33.40	-1.1	134612	0.00e+00	3.98e-08	5.96e+09 2.03e-04	8.71e-03	4.77e-03
500.000	144.4603	3.25e-15	2.78e-15	12.05	40.89	33.24	-1.1	133073	0.00e+00	4.17e-08	6.30e+09 2.03e-04	8.54e-03	4.71e-03
